| theta_a_raw | theta_g_raw | theta_a | theta_g | theta_f |

|      -0.002 |      -0.000 |  -0.000 |  -0.000 |  -0.000 |
|       0.007 |      -0.000 |   0.000 |  -0.000 |  -0.000 |
|       0.010 |      -0.001 |   0.000 |  -0.001 |  -0.000 |
|       0.008 |      -0.001 |   0.000 |  -0.001 |  -0.000 |
|       0.001 |      -0.001 |   0.000 |  -0.001 |  -0.001 |
|      -0.004 |      -0.002 |   0.000 |  -0.002 |  -0.001 |
|      -0.005 |      -0.002 |   0.000 |  -0.002 |  -0.002 |
|      -0.001 |      -0.002 |   0.000 |  -0.002 |  -0.002 |
|      -0.011 |      -0.002 |   0.000 |  -0.002 |  -0.002 |
|      -0.007 |      -0.002 |  -0.000 |  -0.002 |  -0.002 |
|      -0.006 |      -0.002 |  -0.000 |  -0.001 |  -0.002 |
|      -0.001 |      -0.001 |  -0.000 |  -0.001 |  -0.001 |
|       0.005 |      -0.001 |  -0.000 |  -0.001 |  -0.001 |
|       0.013 |      -0.001 |   0.000 |  -0.000 |  -0.000 |
|       0.018 |      -0.000 |   0.000 |  -0.000 |   0.000 |
|       0.012 |      -0.001 |   0.001 |  -0.000 |   0.000 |
|       0.004 |      -0.001 |   0.001 |  -0.000 |   0.000 |
|       0.003 |      -0.001 |   0.001 |  -0.001 |   0.000 |
|      -0.011 |      -0.001 |   0.001 |  -0.001 |  -0.000 |
|      -0.015 |      -0.001 |   0.000 |  -0.001 |  -0.000 |
|      -0.019 |      -0.001 |  -0.000 |  -0.001 |  -0.001 |
|      -0.013 |      -0.001 |  -0.000 |  -0.000 |  -0.001 |
|      -0.011 |       0.000 |  -0.001 |   0.000 |  -0.000 |
|      -0.001 |       0.001 |  -0.001 |   0.001 |   0.001 |
|       0.011 |       0.001 |  -0.000 |   0.002 |   0.001 |
|       0.009 |       0.002 |  -0.000 |   0.002 |   0.002 |
|       0.016 |       0.002 |   0.000 |   0.003 |   0.003 |
|       0.014 |       0.003 |   0.000 |   0.003 |   0.003 |
|       0.027 |       0.003 |   0.001 |   0.003 |   0.004 |
|       0.013 |       0.003 |   0.001 |   0.003 |   0.004 |
|      -0.000 |       0.003 |   0.001 |   0.003 |   0.004 |
|      -0.009 |       0.002 |   0.001 |   0.002 |   0.003 |
|      -0.011 |       0.003 |   0.001 |   0.003 |   0.003 |
|      -0.006 |       0.003 |   0.001 |   0.003 |   0.003 |
|      -0.006 |       0.003 |   0.000 |   0.003 |   0.003 |
|       0.001 |       0.003 |   0.000 |   0.003 |   0.003 |
|       0.007 |       0.003 |   0.001 |   0.003 |   0.003 |
|       0.007 |       0.003 |   0.001 |   0.003 |   0.004 |
|       0.005 |       0.003 |   0.001 |   0.003 |   0.004 |
|       0.014 |       0.004 |   0.001 |   0.003 |   0.004 |
|       0.014 |       0.003 |   0.001 |   0.003 |   0.004 |
|       0.009 |       0.003 |   0.001 |   0.003 |   0.004 |
|       0.012 |       0.004 |   0.002 |   0.003 |   0.005 |
|       0.012 |       0.003 |   0.002 |   0.003 |   0.005 |
|       0.005 |       0.003 |   0.002 |   0.003 |   0.005 |
|      -0.004 |       0.003 |   0.002 |   0.002 |   0.004 |
|       0.001 |       0.003 |   0.002 |   0.002 |   0.004 |
|      -0.002 |       0.002 |   0.002 |   0.002 |   0.003 |
|      -0.004 |       0.002 |   0.002 |   0.001 |   0.003 |
|      -0.020 |       0.002 |   0.001 |   0.001 |   0.002 |
|      -0.022 |       0.002 |   0.001 |   0.001 |   0.001 |
|      -0.022 |       0.002 |   0.000 |   0.001 |   0.001 |
|      -0.022 |       0.002 |  -0.000 |   0.001 |   0.001 |
|      -0.012 |       0.003 |  -0.000 |   0.002 |   0.001 |
|       0.005 |       0.004 |  -0.000 |   0.003 |   0.002 |
|       0.011 |       0.004 |  -0.000 |   0.003 |   0.003 |
|       0.020 |       0.005 |   0.000 |   0.004 |   0.004 |
|       0.027 |       0.005 |   0.001 |   0.004 |   0.005 |
|       0.027 |       0.006 |   0.001 |   0.004 |   0.006 |
|       0.012 |       0.005 |   0.002 |   0.004 |   0.006 |
|       0.007 |       0.005 |   0.002 |   0.004 |   0.005 |
|      -0.012 |       0.005 |   0.001 |   0.003 |   0.004 |
|      -0.012 |       0.004 |   0.001 |   0.003 |   0.004 |
|      -0.022 |       0.004 |   0.001 |   0.002 |   0.003 |
|      -0.029 |       0.004 |   0.000 |   0.003 |   0.003 |
|      -0.024 |       0.005 |  -0.000 |   0.003 |   0.003 |
|      -0.012 |       0.005 |  -0.001 |   0.003 |   0.003 |
|      -0.004 |       0.006 |  -0.001 |   0.004 |   0.003 |
|      -0.000 |       0.007 |  -0.001 |   0.005 |   0.004 |
|       0.005 |       0.007 |  -0.001 |   0.005 |   0.005 |
|       0.018 |       0.008 |  -0.000 |   0.006 |   0.006 |
|       0.026 |       0.009 |   0.000 |   0.006 |   0.007 |
|       0.019 |       0.009 |   0.001 |   0.007 |   0.007 |
|       0.020 |       0.009 |   0.001 |   0.006 |   0.007 |
|       0.007 |       0.009 |   0.001 |   0.006 |   0.007 |
|       0.007 |       0.009 |   0.001 |   0.006 |   0.007 |
|      -0.002 |       0.008 |   0.001 |   0.005 |   0.007 |
|       0.001 |       0.008 |   0.001 |   0.005 |   0.007 |
|      -0.001 |       0.008 |   0.001 |   0.005 |   0.006 |
|      -0.008 |       0.008 |   0.001 |   0.005 |   0.006 |
|      -0.005 |       0.008 |   0.001 |   0.005 |   0.006 |
|      -0.011 |       0.008 |   0.001 |   0.005 |   0.005 |
|      -0.007 |       0.008 |   0.001 |   0.005 |   0.005 |
|      -0.013 |       0.008 |   0.000 |   0.005 |   0.005 |
|      -0.009 |       0.009 |   0.000 |   0.005 |   0.005 |
|      -0.007 |       0.009 |  -0.000 |   0.005 |   0.005 |
|      -0.013 |       0.010 |  -0.000 |   0.006 |   0.006 |
|       0.002 |       0.011 |  -0.000 |   0.007 |   0.007 |
|       0.027 |       0.012 |   0.000 |   0.008 |   0.008 |
|       0.021 |       0.012 |   0.001 |   0.007 |   0.008 |
|      -0.002 |       0.012 |   0.001 |   0.007 |   0.008 |
|       0.009 |       0.012 |   0.001 |   0.007 |   0.008 |
|       0.011 |       0.012 |   0.001 |   0.007 |   0.008 |
|      -0.003 |       0.012 |   0.001 |   0.007 |   0.008 |
|      -0.005 |       0.012 |   0.001 |   0.007 |   0.008 |
|      -0.006 |       0.012 |   0.001 |   0.007 |   0.007 |
|      -0.013 |       0.012 |   0.000 |   0.007 |   0.007 |
|      -0.008 |       0.012 |   0.000 |   0.007 |   0.007 |
|       0.005 |       0.012 |   0.000 |   0.007 |   0.007 |
|       0.008 |       0.012 |   0.001 |   0.007 |   0.007 |
|       0.000 |       0.012 |   0.000 |   0.007 |   0.007 |
|      -0.000 |       0.012 |   0.000 |   0.007 |   0.007 |
|      -0.002 |       0.012 |   0.000 |   0.006 |   0.007 |
|      -0.003 |       0.012 |   0.000 |   0.006 |   0.007 |
|      -0.006 |       0.013 |   0.000 |   0.006 |   0.006 |
|      -0.003 |       0.013 |   0.000 |   0.006 |   0.007 |
|       0.002 |       0.013 |   0.000 |   0.006 |   0.007 |
|       0.003 |       0.013 |   0.000 |   0.006 |   0.007 |
|       0.004 |       0.013 |   0.000 |   0.006 |   0.007 |
|      -0.003 |       0.013 |   0.000 |   0.006 |   0.007 |
|      -0.007 |       0.013 |   0.000 |   0.006 |   0.006 |
|      -0.003 |       0.014 |   0.000 |   0.006 |   0.007 |
|      -0.003 |       0.014 |   0.000 |   0.007 |   0.007 |
|       0.001 |       0.014 |   0.000 |   0.007 |   0.007 |
|       0.002 |       0.015 |   0.000 |   0.007 |   0.007 |
|       0.001 |       0.015 |   0.000 |   0.007 |   0.007 |
|       0.003 |       0.015 |   0.000 |   0.007 |   0.007 |
|      -0.006 |       0.015 |   0.000 |   0.007 |   0.007 |
|       0.003 |       0.016 |   0.000 |   0.007 |   0.007 |
|       0.013 |       0.016 |   0.000 |   0.007 |   0.008 |
|       0.011 |       0.016 |   0.001 |   0.007 |   0.008 |
|       0.011 |       0.016 |   0.001 |   0.007 |   0.008 |
|       0.003 |       0.015 |   0.001 |   0.007 |   0.008 |
|      -0.002 |       0.015 |   0.001 |   0.006 |   0.007 |
|      -0.003 |       0.015 |   0.001 |   0.006 |   0.007 |
|      -0.006 |       0.015 |   0.001 |   0.006 |   0.006 |
|      -0.005 |       0.015 |   0.000 |   0.006 |   0.006 |
|      -0.000 |       0.015 |   0.000 |   0.006 |   0.006 |
|      -0.006 |       0.015 |   0.000 |   0.006 |   0.006 |
|      -0.009 |       0.016 |   0.000 |   0.006 |   0.006 |
|      -0.005 |       0.016 |  -0.000 |   0.006 |   0.006 |
|      -0.003 |       0.016 |  -0.000 |   0.007 |   0.006 |
|       0.001 |       0.017 |  -0.000 |   0.007 |   0.007 |
|       0.006 |       0.017 |   0.000 |   0.007 |   0.007 |
|       0.009 |       0.017 |   0.000 |   0.007 |   0.007 |
|       0.006 |       0.017 |   0.000 |   0.007 |   0.007 |
|       0.001 |       0.017 |   0.000 |   0.007 |   0.007 |
|      -0.004 |       0.017 |   0.000 |   0.007 |   0.007 |
|      -0.002 |       0.017 |   0.000 |   0.007 |   0.007 |
|       0.004 |       0.017 |   0.000 |   0.006 |   0.007 |
|       0.003 |       0.018 |   0.000 |   0.007 |   0.007 |
|      -0.001 |       0.018 |   0.000 |   0.007 |   0.007 |
|       0.007 |       0.018 |   0.001 |   0.007 |   0.007 |
|       0.004 |       0.018 |   0.001 |   0.006 |   0.007 |
|      -0.001 |       0.018 |   0.001 |   0.006 |   0.007 |
|      -0.006 |       0.018 |   0.000 |   0.006 |   0.006 |
|       0.001 |       0.018 |   0.000 |   0.006 |   0.006 |
|      -0.002 |       0.018 |   0.000 |   0.006 |   0.006 |
|      -0.008 |       0.018 |   0.000 |   0.005 |   0.006 |
|      -0.004 |       0.018 |   0.000 |   0.005 |   0.005 |
|      -0.003 |       0.018 |   0.000 |   0.005 |   0.006 |
|      -0.002 |       0.018 |   0.000 |   0.005 |   0.005 |
|      -0.000 |       0.018 |   0.000 |   0.005 |   0.005 |
|       0.002 |       0.018 |   0.000 |   0.005 |   0.005 |
|       0.004 |       0.018 |   0.000 |   0.005 |   0.005 |
|      -0.005 |       0.018 |   0.000 |   0.005 |   0.005 |
|      -0.010 |       0.018 |  -0.000 |   0.005 |   0.005 |
|      -0.011 |       0.019 |  -0.000 |   0.006 |   0.005 |
|      -0.008 |       0.019 |  -0.001 |   0.006 |   0.005 |
|      -0.006 |       0.019 |  -0.001 |   0.006 |   0.005 |
|      -0.001 |       0.020 |  -0.001 |   0.006 |   0.006 |
|       0.004 |       0.020 |  -0.001 |   0.007 |   0.006 |
|       0.006 |       0.020 |  -0.000 |   0.007 |   0.006 |
|       0.000 |       0.021 |  -0.000 |   0.007 |   0.007 |
|      -0.008 |       0.021 |  -0.001 |   0.007 |   0.007 |
|      -0.001 |       0.022 |  -0.001 |   0.007 |   0.007 |
|      -0.004 |       0.022 |  -0.001 |   0.008 |   0.007 |
|      -0.004 |       0.023 |  -0.001 |   0.008 |   0.008 |
|      -0.009 |       0.023 |  -0.001 |   0.009 |   0.008 |
|      -0.012 |       0.024 |  -0.001 |   0.009 |   0.008 |
|      -0.023 |       0.025 |  -0.002 |   0.010 |   0.009 |
|      -0.020 |       0.027 |  -0.002 |   0.012 |   0.010 |
|      -0.023 |       0.028 |  -0.002 |   0.013 |   0.011 |
|      -0.023 |       0.030 |  -0.003 |   0.015 |   0.012 |
|      -0.019 |       0.033 |  -0.003 |   0.017 |   0.014 |
|      -0.011 |       0.036 |  -0.003 |   0.020 |   0.016 |
|      -0.008 |       0.039 |  -0.003 |   0.022 |   0.019 |
|       0.004 |       0.042 |  -0.003 |   0.025 |   0.022 |
|       0.001 |       0.046 |  -0.003 |   0.029 |   0.026 |
|       0.005 |       0.050 |  -0.003 |   0.032 |   0.029 |
|       0.001 |       0.054 |  -0.003 |   0.036 |   0.033 |
|       0.020 |       0.059 |  -0.002 |   0.040 |   0.037 |
|       0.038 |       0.065 |  -0.002 |   0.044 |   0.043 |
|       0.051 |       0.070 |  -0.001 |   0.049 |   0.048 |
|       0.066 |       0.075 |   0.001 |   0.053 |   0.053 |
|       0.078 |       0.080 |   0.002 |   0.057 |   0.059 |
|       0.084 |       0.085 |   0.004 |   0.060 |   0.064 |
|       0.077 |       0.090 |   0.005 |   0.064 |   0.069 |
|       0.092 |       0.094 |   0.007 |   0.068 |   0.075 |
|       0.092 |       0.099 |   0.009 |   0.071 |   0.080 |
|       0.084 |       0.104 |   0.010 |   0.074 |   0.084 |
|       0.082 |       0.109 |   0.012 |   0.077 |   0.089 |
|       0.082 |       0.114 |   0.013 |   0.081 |   0.094 |
|       0.087 |       0.119 |   0.015 |   0.085 |   0.100 |
|       0.116 |       0.125 |   0.017 |   0.089 |   0.106 |
|       0.138 |       0.130 |   0.019 |   0.092 |   0.111 |
|       0.137 |       0.135 |   0.021 |   0.096 |   0.117 |
|       0.136 |       0.140 |   0.024 |   0.099 |   0.123 |
|       0.125 |       0.146 |   0.026 |   0.102 |   0.128 |
|       0.136 |       0.151 |   0.028 |   0.106 |   0.134 |
|       0.137 |       0.157 |   0.030 |   0.109 |   0.139 |
|       0.144 |       0.162 |   0.032 |   0.112 |   0.145 |
|       0.159 |       0.168 |   0.035 |   0.116 |   0.151 |
|       0.164 |       0.174 |   0.038 |   0.119 |   0.157 |
|       0.178 |       0.179 |   0.040 |   0.123 |   0.163 |
|       0.198 |       0.185 |   0.044 |   0.126 |   0.169 |
|       0.182 |       0.191 |   0.046 |   0.129 |   0.175 |
|       0.186 |       0.196 |   0.049 |   0.132 |   0.181 |
|       0.217 |       0.202 |   0.052 |   0.135 |   0.188 |
|       0.213 |       0.208 |   0.056 |   0.138 |   0.194 |
|       0.234 |       0.214 |   0.059 |   0.141 |   0.200 |
|       0.242 |       0.219 |   0.063 |   0.144 |   0.206 |
|       0.245 |       0.224 |   0.067 |   0.146 |   0.212 |
|       0.260 |       0.229 |   0.070 |   0.148 |   0.218 |
|       0.267 |       0.233 |   0.074 |   0.149 |   0.223 |
|       0.267 |       0.237 |   0.078 |   0.150 |   0.228 |
|       0.267 |       0.241 |   0.082 |   0.151 |   0.233 |
|       0.271 |       0.245 |   0.086 |   0.152 |   0.237 |
|       0.271 |       0.248 |   0.089 |   0.152 |   0.241 |
|       0.267 |       0.251 |   0.093 |   0.152 |   0.245 |
|       0.273 |       0.254 |   0.097 |   0.152 |   0.249 |
|       0.277 |       0.257 |   0.100 |   0.152 |   0.252 |
|       0.256 |       0.260 |   0.103 |   0.152 |   0.255 |
|       0.256 |       0.263 |   0.106 |   0.152 |   0.258 |
|       0.262 |       0.266 |   0.109 |   0.152 |   0.262 |
|       0.265 |       0.270 |   0.113 |   0.152 |   0.265 |
|       0.263 |       0.274 |   0.116 |   0.153 |   0.269 |
|       0.259 |       0.278 |   0.118 |   0.154 |   0.273 |
|       0.269 |       0.283 |   0.121 |   0.156 |   0.277 |
|       0.296 |       0.287 |   0.125 |   0.158 |   0.283 |
|       0.314 |       0.292 |   0.129 |   0.159 |   0.288 |
|       0.326 |       0.297 |   0.133 |   0.161 |   0.293 |
|       0.326 |       0.301 |   0.137 |   0.162 |   0.298 |
|       0.336 |       0.305 |   0.141 |   0.163 |   0.304 |
|       0.335 |       0.310 |   0.144 |   0.164 |   0.308 |
|       0.323 |       0.314 |   0.148 |   0.165 |   0.313 |
|       0.322 |       0.318 |   0.152 |   0.166 |   0.317 |
|       0.338 |       0.322 |   0.155 |   0.167 |   0.322 |
|       0.356 |       0.326 |   0.159 |   0.167 |   0.327 |
|       0.367 |       0.330 |   0.163 |   0.168 |   0.331 |
|       0.385 |       0.334 |   0.168 |   0.168 |   0.336 |
|       0.406 |       0.337 |   0.173 |   0.168 |   0.341 |
|       0.380 |       0.340 |   0.177 |   0.167 |   0.344 |
|       0.357 |       0.342 |   0.180 |   0.167 |   0.347 |
|       0.340 |       0.346 |   0.184 |   0.167 |   0.350 |
|       0.337 |       0.349 |   0.187 |   0.167 |   0.353 |
|       0.347 |       0.353 |   0.190 |   0.168 |   0.357 |
|       0.366 |       0.358 |   0.193 |   0.169 |   0.362 |
|       0.379 |       0.362 |   0.197 |   0.170 |   0.367 |
|       0.393 |       0.366 |   0.201 |   0.171 |   0.371 |
|       0.409 |       0.370 |   0.205 |   0.171 |   0.376 |
|       0.434 |       0.374 |   0.210 |   0.172 |   0.381 |
|       0.449 |       0.377 |   0.214 |   0.171 |   0.386 |
|       0.441 |       0.380 |   0.219 |   0.170 |   0.389 |
|       0.431 |       0.382 |   0.223 |   0.169 |   0.392 |
|       0.438 |       0.384 |   0.228 |   0.168 |   0.395 |
|       0.433 |       0.385 |   0.232 |   0.166 |   0.397 |
|       0.374 |       0.387 |   0.235 |   0.164 |   0.399 |
|       0.374 |       0.390 |   0.237 |   0.164 |   0.401 |
|       0.401 |       0.393 |   0.241 |   0.163 |   0.404 |
|       0.401 |       0.396 |   0.244 |   0.163 |   0.407 |
|       0.411 |       0.400 |   0.247 |   0.164 |   0.411 |
|       0.447 |       0.405 |   0.251 |   0.166 |   0.417 |
|       0.512 |       0.409 |   0.256 |   0.166 |   0.422 |
|       0.490 |       0.411 |   0.261 |   0.165 |   0.426 |
|       0.463 |       0.412 |   0.265 |   0.163 |   0.428 |
|       0.431 |       0.413 |   0.268 |   0.161 |   0.429 |
|       0.441 |       0.415 |   0.272 |   0.159 |   0.431 |
|       0.450 |       0.417 |   0.275 |   0.158 |   0.433 |
|       0.467 |       0.418 |   0.279 |   0.156 |   0.435 |
|       0.478 |       0.418 |   0.283 |   0.153 |   0.437 |
|       0.471 |       0.419 |   0.287 |   0.151 |   0.438 |
|       0.453 |       0.419 |   0.290 |   0.148 |   0.438 |
|       0.430 |       0.420 |   0.293 |   0.145 |   0.439 |
|       0.426 |       0.420 |   0.296 |   0.143 |   0.439 |
|       0.419 |       0.422 |   0.298 |   0.142 |   0.440 |
|       0.429 |       0.423 |   0.301 |   0.140 |   0.441 |
|       0.447 |       0.425 |   0.304 |   0.139 |   0.443 |
|       0.464 |       0.426 |   0.307 |   0.138 |   0.445 |
|       0.475 |       0.428 |   0.310 |   0.137 |   0.447 |
|       0.490 |       0.429 |   0.314 |   0.135 |   0.449 |
|       0.486 |       0.429 |   0.317 |   0.133 |   0.450 |
|       0.475 |       0.430 |   0.321 |   0.130 |   0.451 |
|       0.483 |       0.430 |   0.324 |   0.128 |   0.451 |
|       0.488 |       0.429 |   0.327 |   0.125 |   0.452 |
|       0.476 |       0.428 |   0.330 |   0.121 |   0.451 |
|       0.474 |       0.427 |   0.333 |   0.118 |   0.451 |
|       0.458 |       0.426 |   0.335 |   0.115 |   0.450 |
|       0.425 |       0.425 |   0.337 |   0.111 |   0.449 |
|       0.406 |       0.425 |   0.339 |   0.109 |   0.448 |
|       0.405 |       0.426 |   0.340 |   0.107 |   0.447 |
|       0.410 |       0.427 |   0.341 |   0.106 |   0.447 |
|       0.434 |       0.428 |   0.343 |   0.105 |   0.449 |
|       0.466 |       0.430 |   0.346 |   0.105 |   0.451 |
|       0.479 |       0.431 |   0.348 |   0.104 |   0.453 |
|       0.494 |       0.432 |   0.351 |   0.103 |   0.454 |
|       0.494 |       0.433 |   0.354 |   0.102 |   0.456 |
|       0.486 |       0.433 |   0.357 |   0.100 |   0.456 |
|       0.480 |       0.433 |   0.359 |   0.097 |   0.457 |
|       0.465 |       0.432 |   0.361 |   0.095 |   0.456 |
|       0.463 |       0.432 |   0.363 |   0.093 |   0.456 |
|       0.464 |       0.431 |   0.365 |   0.090 |   0.456 |
|       0.459 |       0.430 |   0.367 |   0.088 |   0.455 |
|       0.467 |       0.430 |   0.369 |   0.085 |   0.455 |
|       0.466 |       0.429 |   0.371 |   0.083 |   0.454 |
|       0.450 |       0.428 |   0.373 |   0.080 |   0.453 |
|       0.435 |       0.427 |   0.374 |   0.078 |   0.452 |
|       0.424 |       0.427 |   0.375 |   0.076 |   0.451 |
|       0.428 |       0.427 |   0.376 |   0.074 |   0.450 |
|       0.439 |       0.427 |   0.377 |   0.073 |   0.450 |
|       0.447 |       0.427 |   0.379 |   0.072 |   0.451 |
|       0.456 |       0.428 |   0.380 |   0.071 |   0.451 |
|       0.462 |       0.428 |   0.382 |   0.070 |   0.452 |
|       0.463 |       0.428 |   0.383 |   0.069 |   0.452 |
|       0.462 |       0.428 |   0.385 |   0.067 |   0.452 |
|       0.461 |       0.428 |   0.387 |   0.066 |   0.452 |
|       0.455 |       0.428 |   0.388 |   0.064 |   0.452 |
|       0.455 |       0.428 |   0.389 |   0.063 |   0.452 |
|       0.449 |       0.427 |   0.390 |   0.061 |   0.451 |
|       0.449 |       0.427 |   0.392 |   0.059 |   0.451 |
|       0.442 |       0.427 |   0.393 |   0.058 |   0.451 |
|       0.442 |       0.426 |   0.394 |   0.057 |   0.450 |
|       0.433 |       0.426 |   0.394 |   0.055 |   0.450 |
|       0.432 |       0.426 |   0.395 |   0.055 |   0.450 |
|       0.440 |       0.427 |   0.396 |   0.054 |   0.450 |
|       0.449 |       0.427 |   0.397 |   0.053 |   0.450 |
|       0.455 |       0.428 |   0.398 |   0.053 |   0.451 |
|       0.460 |       0.428 |   0.400 |   0.052 |   0.452 |
|       0.463 |       0.429 |   0.401 |   0.051 |   0.452 |
|       0.455 |       0.429 |   0.402 |   0.050 |   0.452 |
|       0.447 |       0.429 |   0.403 |   0.050 |   0.452 |
|       0.452 |       0.429 |   0.404 |   0.049 |   0.452 |
|       0.455 |       0.429 |   0.405 |   0.048 |   0.452 |
|       0.452 |       0.429 |   0.406 |   0.046 |   0.452 |
|       0.443 |       0.429 |   0.406 |   0.045 |   0.452 |
|       0.444 |       0.428 |   0.407 |   0.044 |   0.452 |
|       0.446 |       0.429 |   0.408 |   0.044 |   0.452 |
|       0.446 |       0.429 |   0.409 |   0.043 |   0.452 |
|       0.450 |       0.429 |   0.410 |   0.042 |   0.452 |
|       0.446 |       0.429 |   0.410 |   0.041 |   0.452 |
|       0.451 |       0.429 |   0.411 |   0.040 |   0.452 |
|       0.450 |       0.429 |   0.412 |   0.040 |   0.452 |
|       0.454 |       0.429 |   0.413 |   0.039 |   0.452 |
|       0.444 |       0.429 |   0.413 |   0.038 |   0.451 |
|       0.451 |       0.429 |   0.414 |   0.038 |   0.452 |
|       0.455 |       0.429 |   0.415 |   0.037 |   0.452 |
|       0.452 |       0.429 |   0.416 |   0.036 |   0.452 |
|       0.453 |       0.429 |   0.416 |   0.035 |   0.452 |
|       0.448 |       0.429 |   0.417 |   0.034 |   0.451 |
|       0.440 |       0.429 |   0.418 |   0.034 |   0.451 |
|       0.440 |       0.429 |   0.418 |   0.033 |   0.451 |
|       0.440 |       0.429 |   0.418 |   0.032 |   0.451 |
|       0.442 |       0.429 |   0.419 |   0.032 |   0.450 |
|       0.443 |       0.429 |   0.419 |   0.031 |   0.451 |
|       0.448 |       0.429 |   0.420 |   0.031 |   0.451 |
|       0.447 |       0.430 |   0.420 |   0.031 |   0.451 |
|       0.450 |       0.430 |   0.421 |   0.030 |   0.451 |
|       0.450 |       0.430 |   0.422 |   0.030 |   0.452 |
|       0.448 |       0.431 |   0.422 |   0.030 |   0.452 |
|       0.441 |       0.431 |   0.423 |   0.030 |   0.452 |
|       0.447 |       0.431 |   0.423 |   0.029 |   0.452 |
|       0.448 |       0.432 |   0.424 |   0.029 |   0.453 |
|       0.450 |       0.432 |   0.424 |   0.029 |   0.453 |
|       0.455 |       0.432 |   0.425 |   0.029 |   0.453 |
|       0.457 |       0.432 |   0.425 |   0.028 |   0.453 |
|       0.453 |       0.433 |   0.426 |   0.028 |   0.454 |
|       0.457 |       0.433 |   0.426 |   0.027 |   0.454 |
|       0.451 |       0.433 |   0.427 |   0.027 |   0.454 |
|       0.451 |       0.433 |   0.427 |   0.027 |   0.454 |
|       0.442 |       0.433 |   0.428 |   0.026 |   0.454 |
|       0.444 |       0.434 |   0.428 |   0.026 |   0.454 |
|       0.452 |       0.434 |   0.429 |   0.026 |   0.454 |
|       0.454 |       0.434 |   0.429 |   0.025 |   0.454 |
|       0.453 |       0.434 |   0.430 |   0.025 |   0.454 |
|       0.449 |       0.434 |   0.430 |   0.025 |   0.455 |
|       0.452 |       0.434 |   0.430 |   0.024 |   0.455 |
|       0.445 |       0.435 |   0.431 |   0.024 |   0.455 |
|       0.444 |       0.435 |   0.431 |   0.024 |   0.455 |
|       0.441 |       0.435 |   0.431 |   0.023 |   0.454 |
|       0.453 |       0.435 |   0.432 |   0.023 |   0.455 |
|       0.461 |       0.435 |   0.432 |   0.023 |   0.455 |
|       0.461 |       0.435 |   0.433 |   0.022 |   0.455 |
|       0.451 |       0.435 |   0.433 |   0.022 |   0.455 |
|       0.454 |       0.435 |   0.434 |   0.021 |   0.455 |
|       0.446 |       0.435 |   0.434 |   0.021 |   0.454 |
|       0.441 |       0.435 |   0.434 |   0.020 |   0.454 |
|       0.444 |       0.435 |   0.434 |   0.020 |   0.454 |
|       0.444 |       0.435 |   0.434 |   0.019 |   0.454 |
|       0.446 |       0.435 |   0.435 |   0.019 |   0.454 |
|       0.451 |       0.435 |   0.435 |   0.019 |   0.454 |
|       0.452 |       0.435 |   0.435 |   0.019 |   0.454 |
|       0.449 |       0.435 |   0.436 |   0.018 |   0.454 |
|       0.448 |       0.435 |   0.436 |   0.018 |   0.454 |
|       0.448 |       0.435 |   0.436 |   0.018 |   0.454 |
|       0.444 |       0.436 |   0.436 |   0.017 |   0.454 |
|       0.445 |       0.436 |   0.436 |   0.017 |   0.454 |
|       0.444 |       0.436 |   0.436 |   0.017 |   0.454 |
|       0.455 |       0.436 |   0.437 |   0.017 |   0.454 |
|       0.452 |       0.436 |   0.437 |   0.017 |   0.454 |
|       0.450 |       0.436 |   0.437 |   0.017 |   0.454 |
|       0.444 |       0.436 |   0.438 |   0.016 |   0.454 |
|       0.439 |       0.437 |   0.438 |   0.016 |   0.454 |
|       0.447 |       0.437 |   0.438 |   0.016 |   0.454 |
|       0.445 |       0.437 |   0.438 |   0.016 |   0.454 |
|       0.451 |       0.437 |   0.438 |   0.016 |   0.454 |
|       0.448 |       0.437 |   0.438 |   0.016 |   0.454 |
|       0.449 |       0.438 |   0.439 |   0.016 |   0.454 |
|       0.446 |       0.438 |   0.439 |   0.015 |   0.454 |
|       0.454 |       0.438 |   0.439 |   0.015 |   0.454 |
|       0.448 |       0.438 |   0.439 |   0.015 |   0.454 |
|       0.447 |       0.438 |   0.439 |   0.015 |   0.454 |
|       0.446 |       0.438 |   0.440 |   0.015 |   0.454 |
|       0.450 |       0.438 |   0.440 |   0.014 |   0.454 |
|       0.446 |       0.438 |   0.440 |   0.014 |   0.454 |
|       0.455 |       0.438 |   0.440 |   0.014 |   0.454 |
|       0.449 |       0.438 |   0.440 |   0.014 |   0.454 |
|       0.448 |       0.438 |   0.440 |   0.013 |   0.454 |
|       0.442 |       0.439 |   0.441 |   0.014 |   0.454 |
|       0.444 |       0.439 |   0.441 |   0.013 |   0.454 |
|       0.447 |       0.439 |   0.441 |   0.013 |   0.454 |
|       0.442 |       0.439 |   0.441 |   0.013 |   0.454 |
|       0.448 |       0.439 |   0.441 |   0.013 |   0.454 |
|       0.449 |       0.440 |   0.441 |   0.013 |   0.454 |
|       0.454 |       0.440 |   0.441 |   0.013 |   0.454 |
|       0.456 |       0.440 |   0.442 |   0.013 |   0.454 |
|       0.455 |       0.440 |   0.442 |   0.013 |   0.454 |
|       0.451 |       0.440 |   0.442 |   0.012 |   0.454 |
|       0.450 |       0.440 |   0.442 |   0.012 |   0.454 |
|       0.454 |       0.439 |   0.442 |   0.011 |   0.454 |
|       0.449 |       0.439 |   0.443 |   0.011 |   0.453 |
|       0.442 |       0.439 |   0.443 |   0.010 |   0.453 |
|       0.442 |       0.439 |   0.443 |   0.010 |   0.453 |
|       0.445 |       0.439 |   0.443 |   0.010 |   0.452 |
|       0.449 |       0.438 |   0.443 |   0.009 |   0.452 |
|       0.447 |       0.438 |   0.443 |   0.009 |   0.452 |
|       0.447 |       0.438 |   0.443 |   0.009 |   0.452 |
|       0.441 |       0.438 |   0.443 |   0.008 |   0.451 |
|       0.441 |       0.438 |   0.443 |   0.008 |   0.451 |
|       0.447 |       0.438 |   0.443 |   0.008 |   0.451 |
|       0.441 |       0.438 |   0.443 |   0.007 |   0.450 |
|       0.451 |       0.437 |   0.443 |   0.007 |   0.450 |
|       0.456 |       0.437 |   0.443 |   0.006 |   0.450 |
|       0.452 |       0.436 |   0.443 |   0.006 |   0.449 |
|       0.454 |       0.436 |   0.444 |   0.005 |   0.449 |
|       0.449 |       0.435 |   0.444 |   0.004 |   0.448 |
|       0.448 |       0.434 |   0.444 |   0.003 |   0.447 |
|       0.448 |       0.433 |   0.444 |   0.002 |   0.446 |
|       0.450 |       0.432 |   0.444 |   0.001 |   0.445 |
|       0.457 |       0.430 |   0.444 |  -0.001 |   0.443 |
|       0.474 |       0.428 |   0.445 |  -0.003 |   0.442 |
|       0.472 |       0.425 |   0.445 |  -0.005 |   0.440 |
|       0.465 |       0.422 |   0.446 |  -0.009 |   0.437 |
|       0.466 |       0.418 |   0.446 |  -0.013 |   0.434 |
|       0.456 |       0.414 |   0.446 |  -0.017 |   0.430 |
|       0.451 |       0.408 |   0.447 |  -0.022 |   0.425 |
|       0.448 |       0.403 |   0.447 |  -0.027 |   0.420 |
|       0.439 |       0.396 |   0.446 |  -0.033 |   0.413 |
|       0.420 |       0.389 |   0.446 |  -0.039 |   0.407 |
|       0.413 |       0.382 |   0.445 |  -0.046 |   0.400 |
|       0.398 |       0.374 |   0.444 |  -0.052 |   0.392 |
|       0.382 |       0.366 |   0.443 |  -0.059 |   0.384 |
|       0.370 |       0.358 |   0.442 |  -0.067 |   0.375 |
|       0.336 |       0.350 |   0.439 |  -0.074 |   0.366 |
|       0.325 |       0.341 |   0.437 |  -0.080 |   0.357 |
|       0.327 |       0.333 |   0.435 |  -0.087 |   0.348 |
|       0.325 |       0.325 |   0.433 |  -0.093 |   0.340 |
|       0.318 |       0.316 |   0.430 |  -0.100 |   0.330 |
|       0.310 |       0.308 |   0.428 |  -0.107 |   0.321 |
|       0.281 |       0.299 |   0.425 |  -0.113 |   0.312 |
|       0.244 |       0.291 |   0.421 |  -0.119 |   0.302 |
|       0.239 |       0.283 |   0.418 |  -0.125 |   0.293 |
|       0.243 |       0.274 |   0.414 |  -0.131 |   0.284 |
|       0.254 |       0.266 |   0.411 |  -0.136 |   0.275 |
|       0.266 |       0.257 |   0.408 |  -0.142 |   0.266 |
|       0.266 |       0.248 |   0.405 |  -0.149 |   0.257 |
|       0.245 |       0.238 |   0.402 |  -0.156 |   0.247 |
|       0.211 |       0.229 |   0.398 |  -0.162 |   0.236 |
|       0.195 |       0.218 |   0.394 |  -0.169 |   0.225 |
|       0.170 |       0.208 |   0.390 |  -0.176 |   0.214 |
|       0.148 |       0.197 |   0.385 |  -0.183 |   0.202 |
|       0.134 |       0.187 |   0.380 |  -0.190 |   0.190 |
|       0.117 |       0.176 |   0.375 |  -0.197 |   0.178 |
|       0.090 |       0.166 |   0.369 |  -0.204 |   0.165 |
|       0.082 |       0.156 |   0.363 |  -0.209 |   0.154 |
|       0.068 |       0.147 |   0.357 |  -0.214 |   0.143 |
|       0.066 |       0.138 |   0.352 |  -0.219 |   0.133 |
|       0.060 |       0.129 |   0.346 |  -0.223 |   0.123 |
|       0.036 |       0.121 |   0.340 |  -0.227 |   0.113 |
|       0.057 |       0.113 |   0.334 |  -0.231 |   0.103 |
|       0.037 |       0.104 |   0.328 |  -0.235 |   0.093 |
|       0.018 |       0.096 |   0.322 |  -0.239 |   0.083 |
|      -0.003 |       0.087 |   0.315 |  -0.242 |   0.073 |
|      -0.010 |       0.080 |   0.309 |  -0.245 |   0.064 |
|       0.006 |       0.073 |   0.303 |  -0.247 |   0.056 |
|       0.024 |       0.065 |   0.297 |  -0.249 |   0.048 |
|       0.016 |       0.057 |   0.291 |  -0.253 |   0.039 |
|       0.010 |       0.047 |   0.286 |  -0.258 |   0.028 |
|       0.003 |       0.036 |   0.280 |  -0.264 |   0.016 |
|      -0.051 |       0.024 |   0.274 |  -0.271 |   0.003 |
|      -0.019 |       0.011 |   0.268 |  -0.278 |  -0.010 |
|      -0.082 |      -0.001 |   0.261 |  -0.285 |  -0.024 |
|      -0.079 |      -0.013 |   0.254 |  -0.291 |  -0.037 |
|      -0.139 |      -0.025 |   0.246 |  -0.297 |  -0.051 |
|      -0.188 |      -0.034 |   0.237 |  -0.300 |  -0.062 |
|      -0.138 |      -0.042 |   0.230 |  -0.301 |  -0.071 |
|      -0.152 |      -0.050 |   0.222 |  -0.303 |  -0.081 |
|      -0.202 |      -0.057 |   0.214 |  -0.305 |  -0.091 |
|      -0.207 |      -0.065 |   0.205 |  -0.306 |  -0.101 |
|      -0.224 |      -0.071 |   0.197 |  -0.306 |  -0.110 |
|      -0.250 |      -0.077 |   0.188 |  -0.306 |  -0.118 |
|      -0.240 |      -0.081 |   0.179 |  -0.304 |  -0.125 |
|      -0.216 |      -0.085 |   0.171 |  -0.302 |  -0.131 |
|      -0.200 |      -0.090 |   0.164 |  -0.301 |  -0.137 |
|      -0.198 |      -0.093 |   0.157 |  -0.299 |  -0.142 |
|      -0.204 |      -0.097 |   0.150 |  -0.296 |  -0.147 |
|      -0.206 |      -0.101 |   0.142 |  -0.294 |  -0.152 |
|      -0.178 |      -0.104 |   0.136 |  -0.292 |  -0.156 |
|      -0.170 |      -0.109 |   0.130 |  -0.290 |  -0.160 |
|      -0.188 |      -0.113 |   0.124 |  -0.289 |  -0.165 |
|      -0.216 |      -0.118 |   0.117 |  -0.288 |  -0.171 |
|      -0.224 |      -0.122 |   0.110 |  -0.286 |  -0.176 |
|      -0.209 |      -0.127 |   0.104 |  -0.285 |  -0.181 |
|      -0.200 |      -0.132 |   0.097 |  -0.284 |  -0.187 |
|      -0.199 |      -0.137 |   0.092 |  -0.284 |  -0.193 |
|      -0.219 |      -0.144 |   0.085 |  -0.285 |  -0.200 |
|      -0.258 |      -0.150 |   0.078 |  -0.285 |  -0.207 |
|      -0.248 |      -0.156 |   0.072 |  -0.285 |  -0.214 |
|      -0.249 |      -0.162 |   0.065 |  -0.286 |  -0.221 |
|      -0.277 |      -0.168 |   0.059 |  -0.287 |  -0.228 |
|      -0.299 |      -0.175 |   0.051 |  -0.287 |  -0.236 |
|      -0.301 |      -0.181 |   0.044 |  -0.288 |  -0.243 |
|      -0.315 |      -0.187 |   0.037 |  -0.288 |  -0.251 |
|      -0.346 |      -0.192 |   0.030 |  -0.288 |  -0.258 |
|      -0.387 |      -0.197 |   0.021 |  -0.287 |  -0.266 |
|      -0.410 |      -0.202 |   0.013 |  -0.286 |  -0.273 |
|      -0.388 |      -0.205 |   0.005 |  -0.284 |  -0.279 |
|      -0.350 |      -0.209 |  -0.002 |  -0.281 |  -0.284 |
|      -0.340 |      -0.212 |  -0.009 |  -0.279 |  -0.288 |
|      -0.328 |      -0.215 |  -0.016 |  -0.276 |  -0.292 |
|      -0.325 |      -0.218 |  -0.022 |  -0.274 |  -0.295 |
|      -0.316 |      -0.221 |  -0.028 |  -0.272 |  -0.299 |
|      -0.305 |      -0.225 |  -0.033 |  -0.270 |  -0.303 |
|      -0.282 |      -0.230 |  -0.038 |  -0.269 |  -0.307 |
|      -0.285 |      -0.235 |  -0.043 |  -0.269 |  -0.312 |
|      -0.288 |      -0.241 |  -0.048 |  -0.270 |  -0.318 |
|      -0.323 |      -0.248 |  -0.053 |  -0.272 |  -0.325 |
|      -0.373 |      -0.256 |  -0.060 |  -0.274 |  -0.334 |
|      -0.412 |      -0.263 |  -0.067 |  -0.276 |  -0.343 |
|      -0.415 |      -0.271 |  -0.074 |  -0.278 |  -0.351 |
|      -0.416 |      -0.278 |  -0.081 |  -0.279 |  -0.360 |
|      -0.422 |      -0.285 |  -0.088 |  -0.281 |  -0.369 |
|      -0.467 |      -0.293 |  -0.095 |  -0.283 |  -0.378 |
|      -0.477 |      -0.300 |  -0.103 |  -0.285 |  -0.388 |
|      -0.492 |      -0.307 |  -0.111 |  -0.286 |  -0.396 |
|      -0.492 |      -0.313 |  -0.118 |  -0.286 |  -0.405 |
|      -0.472 |      -0.319 |  -0.125 |  -0.287 |  -0.412 |
|      -0.470 |      -0.327 |  -0.132 |  -0.289 |  -0.421 |
|      -0.522 |      -0.335 |  -0.140 |  -0.291 |  -0.430 |
|      -0.537 |      -0.342 |  -0.148 |  -0.292 |  -0.440 |
|      -0.486 |      -0.349 |  -0.155 |  -0.294 |  -0.448 |
|      -0.549 |      -0.357 |  -0.163 |  -0.296 |  -0.458 |
|      -0.595 |      -0.363 |  -0.171 |  -0.295 |  -0.466 |
|      -0.567 |      -0.366 |  -0.179 |  -0.293 |  -0.472 |
|      -0.551 |      -0.370 |  -0.187 |  -0.290 |  -0.477 |
|      -0.556 |      -0.373 |  -0.194 |  -0.288 |  -0.482 |
|      -0.565 |      -0.377 |  -0.201 |  -0.286 |  -0.487 |
|      -0.579 |      -0.379 |  -0.209 |  -0.283 |  -0.492 |
|      -0.567 |      -0.382 |  -0.216 |  -0.279 |  -0.496 |
|      -0.551 |      -0.384 |  -0.223 |  -0.277 |  -0.499 |
|      -0.555 |      -0.387 |  -0.229 |  -0.274 |  -0.503 |
|      -0.578 |      -0.390 |  -0.236 |  -0.271 |  -0.507 |
|      -0.570 |      -0.392 |  -0.243 |  -0.268 |  -0.511 |
|      -0.557 |      -0.394 |  -0.249 |  -0.265 |  -0.514 |
|      -0.562 |      -0.397 |  -0.256 |  -0.262 |  -0.517 |
|      -0.555 |      -0.399 |  -0.262 |  -0.259 |  -0.521 |
|      -0.562 |      -0.402 |  -0.268 |  -0.257 |  -0.524 |
|      -0.589 |      -0.405 |  -0.274 |  -0.254 |  -0.529 |
|      -0.611 |      -0.407 |  -0.281 |  -0.252 |  -0.533 |
|      -0.604 |      -0.409 |  -0.287 |  -0.249 |  -0.536 |
|      -0.583 |      -0.411 |  -0.293 |  -0.245 |  -0.539 |
|      -0.557 |      -0.413 |  -0.298 |  -0.243 |  -0.541 |
|      -0.556 |      -0.415 |  -0.304 |  -0.240 |  -0.544 |
|      -0.568 |      -0.418 |  -0.309 |  -0.238 |  -0.547 |
|      -0.599 |      -0.420 |  -0.315 |  -0.235 |  -0.550 |
|      -0.613 |      -0.423 |  -0.321 |  -0.233 |  -0.554 |
|      -0.643 |      -0.425 |  -0.327 |  -0.231 |  -0.558 |
|      -0.647 |      -0.427 |  -0.333 |  -0.228 |  -0.561 |
|      -0.630 |      -0.428 |  -0.339 |  -0.225 |  -0.564 |
|      -0.615 |      -0.430 |  -0.345 |  -0.222 |  -0.567 |
|      -0.619 |      -0.431 |  -0.350 |  -0.218 |  -0.569 |
|      -0.615 |      -0.432 |  -0.356 |  -0.215 |  -0.571 |
|      -0.602 |      -0.433 |  -0.361 |  -0.212 |  -0.572 |
|      -0.600 |      -0.434 |  -0.365 |  -0.209 |  -0.574 |
|      -0.592 |      -0.436 |  -0.370 |  -0.206 |  -0.576 |
|      -0.590 |      -0.437 |  -0.374 |  -0.204 |  -0.578 |
|      -0.611 |      -0.439 |  -0.379 |  -0.202 |  -0.581 |
|      -0.645 |      -0.441 |  -0.384 |  -0.199 |  -0.584 |
|      -0.644 |      -0.442 |  -0.390 |  -0.197 |  -0.586 |
|      -0.635 |      -0.443 |  -0.395 |  -0.194 |  -0.588 |
|      -0.628 |      -0.444 |  -0.399 |  -0.191 |  -0.590 |
|      -0.612 |      -0.446 |  -0.403 |  -0.188 |  -0.592 |
|      -0.604 |      -0.447 |  -0.407 |  -0.186 |  -0.593 |
|      -0.601 |      -0.449 |  -0.411 |  -0.184 |  -0.595 |
|      -0.623 |      -0.450 |  -0.416 |  -0.182 |  -0.598 |
|      -0.642 |      -0.452 |  -0.420 |  -0.180 |  -0.600 |
|      -0.655 |      -0.454 |  -0.425 |  -0.178 |  -0.603 |
|      -0.651 |      -0.455 |  -0.429 |  -0.176 |  -0.605 |
|      -0.661 |      -0.456 |  -0.434 |  -0.174 |  -0.608 |
|      -0.675 |      -0.457 |  -0.439 |  -0.171 |  -0.610 |
|      -0.669 |      -0.458 |  -0.443 |  -0.168 |  -0.612 |
|      -0.660 |      -0.458 |  -0.448 |  -0.165 |  -0.613 |
|      -0.656 |      -0.459 |  -0.452 |  -0.162 |  -0.614 |
|      -0.654 |      -0.459 |  -0.456 |  -0.159 |  -0.615 |
|      -0.645 |      -0.459 |  -0.460 |  -0.156 |  -0.616 |
|      -0.652 |      -0.459 |  -0.464 |  -0.153 |  -0.617 |
|      -0.644 |      -0.459 |  -0.467 |  -0.150 |  -0.618 |
|      -0.638 |      -0.459 |  -0.471 |  -0.147 |  -0.618 |
|      -0.643 |      -0.460 |  -0.474 |  -0.145 |  -0.619 |
|      -0.654 |      -0.460 |  -0.478 |  -0.142 |  -0.620 |
|      -0.643 |      -0.460 |  -0.481 |  -0.140 |  -0.621 |
|      -0.641 |      -0.461 |  -0.484 |  -0.137 |  -0.621 |
|      -0.655 |      -0.461 |  -0.488 |  -0.135 |  -0.622 |
|      -0.662 |      -0.462 |  -0.491 |  -0.133 |  -0.624 |
|      -0.662 |      -0.462 |  -0.494 |  -0.130 |  -0.625 |
|      -0.654 |      -0.462 |  -0.498 |  -0.128 |  -0.625 |
|      -0.653 |      -0.462 |  -0.501 |  -0.125 |  -0.626 |
|      -0.658 |      -0.462 |  -0.504 |  -0.123 |  -0.627 |
|      -0.661 |      -0.462 |  -0.507 |  -0.120 |  -0.627 |
|      -0.665 |      -0.462 |  -0.510 |  -0.118 |  -0.628 |
|      -0.655 |      -0.462 |  -0.513 |  -0.115 |  -0.628 |
|      -0.645 |      -0.461 |  -0.516 |  -0.113 |  -0.628 |
|      -0.644 |      -0.461 |  -0.518 |  -0.110 |  -0.628 |
|      -0.646 |      -0.461 |  -0.521 |  -0.108 |  -0.629 |
|      -0.646 |      -0.461 |  -0.523 |  -0.105 |  -0.629 |
|      -0.643 |      -0.461 |  -0.526 |  -0.103 |  -0.629 |
|      -0.639 |      -0.461 |  -0.528 |  -0.101 |  -0.629 |
|      -0.647 |      -0.461 |  -0.530 |  -0.099 |  -0.630 |
|      -0.644 |      -0.461 |  -0.533 |  -0.098 |  -0.630 |
|      -0.647 |      -0.461 |  -0.535 |  -0.096 |  -0.631 |
|      -0.653 |      -0.462 |  -0.537 |  -0.094 |  -0.631 |
|      -0.659 |      -0.462 |  -0.540 |  -0.092 |  -0.632 |
|      -0.676 |      -0.462 |  -0.542 |  -0.091 |  -0.633 |
|      -0.675 |      -0.462 |  -0.545 |  -0.089 |  -0.634 |
|      -0.668 |      -0.461 |  -0.548 |  -0.086 |  -0.634 |
|      -0.669 |      -0.461 |  -0.550 |  -0.084 |  -0.634 |
|      -0.668 |      -0.460 |  -0.552 |  -0.082 |  -0.634 |
|      -0.649 |      -0.459 |  -0.554 |  -0.080 |  -0.634 |
|      -0.631 |      -0.459 |  -0.556 |  -0.077 |  -0.633 |
|      -0.627 |      -0.459 |  -0.557 |  -0.076 |  -0.633 |
|      -0.628 |      -0.459 |  -0.559 |  -0.074 |  -0.633 |
|      -0.645 |      -0.459 |  -0.560 |  -0.073 |  -0.633 |
|      -0.653 |      -0.459 |  -0.562 |  -0.072 |  -0.634 |
|      -0.676 |      -0.459 |  -0.565 |  -0.070 |  -0.635 |
|      -0.675 |      -0.459 |  -0.567 |  -0.069 |  -0.635 |
|      -0.661 |      -0.458 |  -0.569 |  -0.067 |  -0.636 |
|      -0.642 |      -0.458 |  -0.570 |  -0.065 |  -0.635 |
|      -0.630 |      -0.458 |  -0.571 |  -0.064 |  -0.635 |
|      -0.627 |      -0.458 |  -0.572 |  -0.062 |  -0.635 |
|      -0.644 |      -0.458 |  -0.574 |  -0.061 |  -0.635 |
|      -0.658 |      -0.458 |  -0.575 |  -0.060 |  -0.636 |
|      -0.665 |      -0.458 |  -0.577 |  -0.059 |  -0.636 |
|      -0.668 |      -0.458 |  -0.579 |  -0.058 |  -0.637 |
|      -0.668 |      -0.458 |  -0.581 |  -0.056 |  -0.637 |
|      -0.662 |      -0.457 |  -0.583 |  -0.054 |  -0.637 |
|      -0.642 |      -0.456 |  -0.584 |  -0.053 |  -0.636 |
|      -0.640 |      -0.456 |  -0.585 |  -0.051 |  -0.636 |
|      -0.643 |      -0.456 |  -0.586 |  -0.050 |  -0.636 |
|      -0.640 |      -0.455 |  -0.587 |  -0.049 |  -0.636 |
|      -0.649 |      -0.455 |  -0.588 |  -0.047 |  -0.636 |
|      -0.642 |      -0.455 |  -0.589 |  -0.046 |  -0.636 |
|      -0.643 |      -0.455 |  -0.590 |  -0.045 |  -0.636 |
|      -0.650 |      -0.455 |  -0.592 |  -0.044 |  -0.636 |
|      -0.657 |      -0.455 |  -0.593 |  -0.043 |  -0.636 |
|      -0.655 |      -0.455 |  -0.594 |  -0.042 |  -0.637 |
|      -0.649 |      -0.455 |  -0.595 |  -0.041 |  -0.637 |
|      -0.649 |      -0.454 |  -0.596 |  -0.040 |  -0.637 |
|      -0.645 |      -0.454 |  -0.597 |  -0.039 |  -0.636 |
|      -0.634 |      -0.454 |  -0.598 |  -0.038 |  -0.636 |
|      -0.633 |      -0.454 |  -0.599 |  -0.037 |  -0.636 |
|      -0.644 |      -0.454 |  -0.600 |  -0.037 |  -0.636 |
|      -0.654 |      -0.454 |  -0.601 |  -0.036 |  -0.637 |
|      -0.657 |      -0.454 |  -0.602 |  -0.035 |  -0.637 |
|      -0.655 |      -0.454 |  -0.603 |  -0.034 |  -0.637 |
|      -0.649 |      -0.454 |  -0.604 |  -0.034 |  -0.638 |
|      -0.648 |      -0.454 |  -0.605 |  -0.033 |  -0.638 |
|      -0.641 |      -0.453 |  -0.605 |  -0.032 |  -0.638 |
|      -0.650 |      -0.454 |  -0.606 |  -0.032 |  -0.638 |
|      -0.654 |      -0.453 |  -0.607 |  -0.031 |  -0.638 |
|      -0.652 |      -0.454 |  -0.608 |  -0.030 |  -0.639 |
|      -0.653 |      -0.453 |  -0.609 |  -0.030 |  -0.639 |
|      -0.654 |      -0.453 |  -0.610 |  -0.029 |  -0.639 |
|      -0.659 |      -0.453 |  -0.611 |  -0.028 |  -0.639 |
|      -0.648 |      -0.453 |  -0.612 |  -0.028 |  -0.639 |
|      -0.643 |      -0.453 |  -0.612 |  -0.027 |  -0.639 |
|      -0.650 |      -0.453 |  -0.613 |  -0.026 |  -0.639 |
|      -0.649 |      -0.453 |  -0.614 |  -0.026 |  -0.640 |
|      -0.655 |      -0.453 |  -0.615 |  -0.025 |  -0.640 |
|      -0.650 |      -0.452 |  -0.615 |  -0.024 |  -0.640 |
|      -0.660 |      -0.452 |  -0.616 |  -0.024 |  -0.640 |
|      -0.653 |      -0.452 |  -0.617 |  -0.023 |  -0.640 |
|      -0.648 |      -0.452 |  -0.618 |  -0.022 |  -0.640 |
|      -0.645 |      -0.452 |  -0.618 |  -0.022 |  -0.640 |
|      -0.649 |      -0.451 |  -0.619 |  -0.021 |  -0.640 |
|      -0.648 |      -0.451 |  -0.619 |  -0.020 |  -0.640 |
|      -0.648 |      -0.451 |  -0.620 |  -0.020 |  -0.640 |
|      -0.649 |      -0.451 |  -0.621 |  -0.019 |  -0.640 |
|      -0.646 |      -0.451 |  -0.621 |  -0.019 |  -0.640 |
|      -0.647 |      -0.450 |  -0.622 |  -0.018 |  -0.640 |
|      -0.643 |      -0.450 |  -0.622 |  -0.017 |  -0.639 |
|      -0.649 |      -0.450 |  -0.623 |  -0.017 |  -0.639 |
|      -0.652 |      -0.450 |  -0.623 |  -0.017 |  -0.640 |
|      -0.653 |      -0.450 |  -0.624 |  -0.016 |  -0.640 |
|      -0.648 |      -0.450 |  -0.624 |  -0.016 |  -0.640 |
|      -0.660 |      -0.450 |  -0.625 |  -0.015 |  -0.640 |
|      -0.661 |      -0.449 |  -0.626 |  -0.015 |  -0.640 |
|      -0.657 |      -0.449 |  -0.626 |  -0.014 |  -0.640 |
|      -0.646 |      -0.448 |  -0.627 |  -0.013 |  -0.640 |
|      -0.651 |      -0.448 |  -0.627 |  -0.012 |  -0.639 |
|      -0.645 |      -0.447 |  -0.628 |  -0.011 |  -0.639 |
|      -0.648 |      -0.447 |  -0.628 |  -0.011 |  -0.639 |
|      -0.652 |      -0.446 |  -0.628 |  -0.010 |  -0.638 |
|      -0.652 |      -0.445 |  -0.629 |  -0.009 |  -0.638 |
|      -0.658 |      -0.444 |  -0.629 |  -0.008 |  -0.637 |
|      -0.659 |      -0.443 |  -0.630 |  -0.007 |  -0.637 |
|      -0.656 |      -0.442 |  -0.631 |  -0.005 |  -0.636 |
|      -0.665 |      -0.441 |  -0.631 |  -0.004 |  -0.635 |
|      -0.676 |      -0.439 |  -0.632 |  -0.002 |  -0.634 |
|      -0.690 |      -0.437 |  -0.633 |   0.000 |  -0.633 |
|      -0.698 |      -0.434 |  -0.635 |   0.003 |  -0.631 |
|      -0.703 |      -0.430 |  -0.636 |   0.007 |  -0.629 |
|      -0.693 |      -0.426 |  -0.637 |   0.011 |  -0.626 |
|      -0.686 |      -0.421 |  -0.638 |   0.016 |  -0.622 |
|      -0.676 |      -0.416 |  -0.639 |   0.021 |  -0.618 |
|      -0.660 |      -0.410 |  -0.639 |   0.026 |  -0.613 |
|      -0.649 |      -0.404 |  -0.639 |   0.032 |  -0.608 |
|      -0.618 |      -0.397 |  -0.639 |   0.038 |  -0.601 |
|      -0.592 |      -0.390 |  -0.638 |   0.044 |  -0.594 |
|      -0.578 |      -0.383 |  -0.637 |   0.050 |  -0.587 |
|      -0.572 |      -0.376 |  -0.636 |   0.056 |  -0.580 |
|      -0.559 |      -0.370 |  -0.634 |   0.061 |  -0.573 |
|      -0.559 |      -0.363 |  -0.633 |   0.067 |  -0.566 |
|      -0.547 |      -0.356 |  -0.631 |   0.072 |  -0.559 |
|      -0.535 |      -0.350 |  -0.629 |   0.078 |  -0.551 |
|      -0.528 |      -0.343 |  -0.627 |   0.083 |  -0.544 |
|      -0.518 |      -0.336 |  -0.625 |   0.088 |  -0.537 |
|      -0.515 |      -0.330 |  -0.623 |   0.092 |  -0.530 |
|      -0.500 |      -0.323 |  -0.620 |   0.097 |  -0.523 |
|      -0.501 |      -0.317 |  -0.618 |   0.101 |  -0.516 |
|      -0.504 |      -0.310 |  -0.615 |   0.106 |  -0.510 |
|      -0.498 |      -0.304 |  -0.613 |   0.110 |  -0.503 |
|      -0.483 |      -0.298 |  -0.610 |   0.114 |  -0.496 |
|      -0.463 |      -0.291 |  -0.608 |   0.118 |  -0.489 |
|      -0.458 |      -0.285 |  -0.605 |   0.122 |  -0.482 |
|      -0.438 |      -0.279 |  -0.601 |   0.126 |  -0.475 |
|      -0.431 |      -0.273 |  -0.598 |   0.129 |  -0.469 |
|      -0.435 |      -0.268 |  -0.595 |   0.132 |  -0.463 |
|      -0.438 |      -0.263 |  -0.591 |   0.134 |  -0.457 |
|      -0.436 |      -0.257 |  -0.588 |   0.137 |  -0.451 |
|      -0.429 |      -0.252 |  -0.585 |   0.139 |  -0.446 |
|      -0.441 |      -0.247 |  -0.582 |   0.142 |  -0.440 |
|      -0.428 |      -0.242 |  -0.579 |   0.144 |  -0.435 |
|      -0.427 |      -0.237 |  -0.576 |   0.147 |  -0.429 |
|      -0.417 |      -0.231 |  -0.573 |   0.149 |  -0.424 |
|      -0.401 |      -0.226 |  -0.570 |   0.151 |  -0.418 |
|      -0.391 |      -0.221 |  -0.566 |   0.154 |  -0.412 |
|      -0.376 |      -0.215 |  -0.562 |   0.156 |  -0.406 |
|      -0.363 |      -0.210 |  -0.558 |   0.158 |  -0.401 |
|      -0.364 |      -0.206 |  -0.554 |   0.159 |  -0.395 |
|      -0.367 |      -0.201 |  -0.551 |   0.161 |  -0.389 |
|      -0.369 |      -0.196 |  -0.547 |   0.163 |  -0.384 |
|      -0.352 |      -0.191 |  -0.543 |   0.164 |  -0.379 |
|      -0.344 |      -0.187 |  -0.539 |   0.165 |  -0.374 |
|      -0.320 |      -0.183 |  -0.535 |   0.166 |  -0.369 |
|      -0.309 |      -0.179 |  -0.530 |   0.167 |  -0.363 |
|      -0.317 |      -0.175 |  -0.526 |   0.167 |  -0.359 |
|      -0.319 |      -0.172 |  -0.522 |   0.167 |  -0.355 |
|      -0.336 |      -0.169 |  -0.518 |   0.166 |  -0.352 |
|      -0.343 |      -0.166 |  -0.515 |   0.166 |  -0.349 |
|      -0.345 |      -0.163 |  -0.511 |   0.166 |  -0.345 |
|      -0.336 |      -0.160 |  -0.508 |   0.165 |  -0.342 |
|      -0.319 |      -0.157 |  -0.504 |   0.165 |  -0.339 |
|      -0.312 |      -0.154 |  -0.500 |   0.165 |  -0.335 |
|      -0.308 |      -0.151 |  -0.496 |   0.164 |  -0.332 |
|      -0.310 |      -0.148 |  -0.492 |   0.164 |  -0.329 |
|      -0.322 |      -0.145 |  -0.489 |   0.164 |  -0.326 |
|      -0.325 |      -0.143 |  -0.486 |   0.163 |  -0.323 |
|      -0.328 |      -0.139 |  -0.483 |   0.163 |  -0.320 |
|      -0.316 |      -0.136 |  -0.479 |   0.163 |  -0.316 |
|      -0.305 |      -0.133 |  -0.476 |   0.163 |  -0.313 |
|      -0.288 |      -0.130 |  -0.472 |   0.163 |  -0.309 |
|      -0.282 |      -0.127 |  -0.468 |   0.163 |  -0.305 |
|      -0.288 |      -0.124 |  -0.465 |   0.162 |  -0.302 |
|      -0.297 |      -0.120 |  -0.461 |   0.162 |  -0.299 |
|      -0.301 |      -0.117 |  -0.458 |   0.163 |  -0.296 |
|      -0.295 |      -0.114 |  -0.455 |   0.163 |  -0.292 |
|      -0.280 |      -0.110 |  -0.451 |   0.163 |  -0.288 |
|      -0.272 |      -0.106 |  -0.448 |   0.163 |  -0.284 |
|      -0.252 |      -0.103 |  -0.444 |   0.164 |  -0.280 |
|      -0.242 |      -0.099 |  -0.440 |   0.164 |  -0.276 |
|      -0.243 |      -0.096 |  -0.436 |   0.164 |  -0.272 |
|      -0.248 |      -0.093 |  -0.432 |   0.164 |  -0.268 |
|      -0.257 |      -0.089 |  -0.429 |   0.164 |  -0.264 |
|      -0.246 |      -0.086 |  -0.425 |   0.164 |  -0.261 |
|      -0.240 |      -0.083 |  -0.421 |   0.164 |  -0.257 |
|      -0.220 |      -0.080 |  -0.417 |   0.164 |  -0.253 |
|      -0.228 |      -0.077 |  -0.413 |   0.164 |  -0.250 |
|      -0.235 |      -0.074 |  -0.410 |   0.163 |  -0.247 |
|      -0.237 |      -0.071 |  -0.406 |   0.163 |  -0.244 |
|      -0.227 |      -0.068 |  -0.403 |   0.163 |  -0.240 |
|      -0.213 |      -0.065 |  -0.399 |   0.162 |  -0.237 |
|      -0.211 |      -0.062 |  -0.395 |   0.162 |  -0.234 |
|      -0.210 |      -0.060 |  -0.392 |   0.161 |  -0.230 |
|      -0.207 |      -0.057 |  -0.388 |   0.161 |  -0.227 |
|      -0.211 |      -0.055 |  -0.384 |   0.160 |  -0.224 |
|      -0.214 |      -0.052 |  -0.381 |   0.159 |  -0.222 |
|      -0.206 |      -0.050 |  -0.377 |   0.158 |  -0.219 |
|      -0.213 |      -0.048 |  -0.374 |   0.157 |  -0.217 |
|      -0.199 |      -0.045 |  -0.371 |   0.156 |  -0.214 |
|      -0.196 |      -0.043 |  -0.367 |   0.156 |  -0.212 |
|      -0.203 |      -0.040 |  -0.364 |   0.155 |  -0.209 |
|      -0.204 |      -0.038 |  -0.361 |   0.154 |  -0.206 |
|      -0.201 |      -0.035 |  -0.357 |   0.154 |  -0.203 |
|      -0.181 |      -0.032 |  -0.354 |   0.154 |  -0.200 |
|      -0.179 |      -0.030 |  -0.350 |   0.153 |  -0.197 |
|      -0.181 |      -0.027 |  -0.347 |   0.153 |  -0.194 |
|      -0.175 |      -0.025 |  -0.344 |   0.152 |  -0.191 |
|      -0.174 |      -0.022 |  -0.340 |   0.152 |  -0.188 |
|      -0.180 |      -0.020 |  -0.337 |   0.151 |  -0.186 |
|      -0.173 |      -0.017 |  -0.334 |   0.151 |  -0.183 |
|      -0.165 |      -0.015 |  -0.330 |   0.150 |  -0.180 |
|      -0.163 |      -0.012 |  -0.327 |   0.150 |  -0.177 |
|      -0.157 |      -0.010 |  -0.324 |   0.149 |  -0.175 |
|      -0.167 |      -0.007 |  -0.320 |   0.149 |  -0.172 |
|      -0.168 |      -0.005 |  -0.317 |   0.148 |  -0.169 |
|      -0.178 |      -0.002 |  -0.315 |   0.148 |  -0.167 |
|      -0.171 |       0.001 |  -0.312 |   0.148 |  -0.163 |
|      -0.151 |       0.005 |  -0.309 |   0.149 |  -0.160 |
|      -0.140 |       0.008 |  -0.305 |   0.149 |  -0.156 |
|      -0.127 |       0.012 |  -0.302 |   0.150 |  -0.152 |
|      -0.126 |       0.015 |  -0.298 |   0.150 |  -0.148 |
|      -0.114 |       0.018 |  -0.294 |   0.150 |  -0.144 |
|      -0.108 |       0.021 |  -0.291 |   0.150 |  -0.141 |
|      -0.104 |       0.023 |  -0.287 |   0.149 |  -0.138 |
|      -0.101 |       0.026 |  -0.283 |   0.149 |  -0.135 |
|      -0.113 |       0.028 |  -0.280 |   0.148 |  -0.132 |
|      -0.111 |       0.030 |  -0.276 |   0.147 |  -0.130 |
|      -0.105 |       0.032 |  -0.273 |   0.146 |  -0.127 |
|      -0.109 |       0.033 |  -0.270 |   0.145 |  -0.125 |
|      -0.117 |       0.035 |  -0.267 |   0.144 |  -0.123 |
|      -0.113 |       0.037 |  -0.264 |   0.143 |  -0.121 |
|      -0.116 |       0.039 |  -0.261 |   0.142 |  -0.119 |
|      -0.109 |       0.042 |  -0.258 |   0.141 |  -0.116 |
|      -0.113 |       0.044 |  -0.255 |   0.141 |  -0.114 |
|      -0.104 |       0.046 |  -0.252 |   0.140 |  -0.111 |
|      -0.097 |       0.048 |  -0.249 |   0.140 |  -0.109 |
|      -0.075 |       0.050 |  -0.245 |   0.139 |  -0.107 |
|      -0.122 |       0.052 |  -0.243 |   0.138 |  -0.105 |
|      -0.177 |       0.055 |  -0.241 |   0.138 |  -0.104 |
|      -0.151 |       0.059 |  -0.240 |   0.139 |  -0.100 |
|      -0.089 |       0.063 |  -0.237 |   0.141 |  -0.096 |
|      -0.072 |       0.068 |  -0.233 |   0.142 |  -0.091 |
|      -0.052 |       0.072 |  -0.230 |   0.144 |  -0.086 |
|      -0.037 |       0.076 |  -0.226 |   0.144 |  -0.081 |
|      -0.015 |       0.079 |  -0.222 |   0.145 |  -0.077 |
|      -0.015 |       0.082 |  -0.217 |   0.145 |  -0.073 |
|      -0.009 |       0.084 |  -0.213 |   0.144 |  -0.069 |
|      -0.012 |       0.086 |  -0.209 |   0.143 |  -0.066 |
|      -0.017 |       0.087 |  -0.205 |   0.142 |  -0.064 |
|      -0.023 |       0.088 |  -0.202 |   0.140 |  -0.062 |
|      -0.028 |       0.089 |  -0.198 |   0.138 |  -0.060 |
|      -0.033 |       0.090 |  -0.195 |   0.136 |  -0.059 |
|      -0.035 |       0.090 |  -0.192 |   0.134 |  -0.058 |
|      -0.041 |       0.090 |  -0.189 |   0.131 |  -0.058 |
|      -0.062 |       0.091 |  -0.186 |   0.129 |  -0.057 |
|      -0.065 |       0.091 |  -0.184 |   0.127 |  -0.057 |
|      -0.055 |       0.092 |  -0.181 |   0.125 |  -0.056 |
|      -0.048 |       0.093 |  -0.179 |   0.123 |  -0.055 |
|      -0.053 |       0.093 |  -0.176 |   0.121 |  -0.055 |
|      -0.056 |       0.094 |  -0.174 |   0.120 |  -0.054 |
|      -0.059 |       0.095 |  -0.171 |   0.118 |  -0.053 |
|      -0.056 |       0.096 |  -0.169 |   0.117 |  -0.053 |
|      -0.035 |       0.097 |  -0.166 |   0.115 |  -0.051 |
|      -0.027 |       0.097 |  -0.164 |   0.114 |  -0.050 |
|      -0.032 |       0.098 |  -0.161 |   0.112 |  -0.049 |
|      -0.038 |       0.098 |  -0.159 |   0.110 |  -0.048 |
|      -0.037 |       0.099 |  -0.156 |   0.109 |  -0.047 |
|      -0.045 |       0.100 |  -0.154 |   0.107 |  -0.047 |
|      -0.056 |       0.101 |  -0.152 |   0.106 |  -0.046 |
|      -0.059 |       0.102 |  -0.150 |   0.105 |  -0.045 |
|      -0.050 |       0.103 |  -0.148 |   0.104 |  -0.044 |
|      -0.036 |       0.104 |  -0.146 |   0.103 |  -0.043 |
|      -0.022 |       0.105 |  -0.143 |   0.102 |  -0.041 |
|      -0.015 |       0.106 |  -0.141 |   0.101 |  -0.040 |
|      -0.025 |       0.107 |  -0.138 |   0.100 |  -0.039 |
|      -0.037 |       0.108 |  -0.136 |   0.099 |  -0.038 |
|      -0.037 |       0.109 |  -0.134 |   0.098 |  -0.037 |
|      -0.033 |       0.110 |  -0.132 |   0.097 |  -0.036 |
|      -0.021 |       0.111 |  -0.130 |   0.096 |  -0.035 |
|      -0.009 |       0.111 |  -0.128 |   0.095 |  -0.033 |
|       0.004 |       0.112 |  -0.125 |   0.093 |  -0.032 |
|       0.004 |       0.113 |  -0.123 |   0.092 |  -0.031 |
|      -0.015 |       0.113 |  -0.120 |   0.090 |  -0.030 |
|      -0.031 |       0.113 |  -0.119 |   0.089 |  -0.030 |
|      -0.041 |       0.115 |  -0.117 |   0.089 |  -0.028 |
|      -0.008 |       0.117 |  -0.115 |   0.089 |  -0.025 |
|       0.027 |       0.118 |  -0.112 |   0.088 |  -0.024 |
|       0.001 |       0.117 |  -0.110 |   0.085 |  -0.024 |
|      -0.052 |       0.116 |  -0.109 |   0.083 |  -0.026 |
|      -0.059 |       0.116 |  -0.108 |   0.081 |  -0.027 |
|      -0.058 |       0.116 |  -0.107 |   0.080 |  -0.027 |
|      -0.046 |       0.117 |  -0.105 |   0.079 |  -0.027 |
|      -0.042 |       0.117 |  -0.104 |   0.078 |  -0.027 |
|      -0.040 |       0.118 |  -0.103 |   0.077 |  -0.026 |
|      -0.041 |       0.119 |  -0.102 |   0.076 |  -0.026 |
|      -0.034 |       0.120 |  -0.100 |   0.076 |  -0.024 |
|      -0.034 |       0.122 |  -0.099 |   0.076 |  -0.023 |
|      -0.022 |       0.123 |  -0.097 |   0.076 |  -0.022 |
|      -0.013 |       0.124 |  -0.096 |   0.076 |  -0.020 |
|      -0.011 |       0.126 |  -0.094 |   0.076 |  -0.018 |
|      -0.003 |       0.127 |  -0.092 |   0.075 |  -0.017 |
|       0.017 |       0.128 |  -0.090 |   0.075 |  -0.015 |
|       0.026 |       0.129 |  -0.088 |   0.075 |  -0.013 |
|       0.017 |       0.130 |  -0.086 |   0.074 |  -0.012 |
|       0.002 |       0.130 |  -0.084 |   0.072 |  -0.012 |
|       0.002 |       0.130 |  -0.082 |   0.071 |  -0.011 |
|       0.001 |       0.130 |  -0.080 |   0.070 |  -0.011 |
|      -0.006 |       0.130 |  -0.079 |   0.068 |  -0.011 |
|       0.000 |       0.130 |  -0.077 |   0.067 |  -0.011 |
|      -0.009 |       0.130 |  -0.076 |   0.065 |  -0.011 |
|      -0.008 |       0.130 |  -0.075 |   0.064 |  -0.011 |
|      -0.017 |       0.129 |  -0.074 |   0.062 |  -0.011 |
|      -0.020 |       0.129 |  -0.072 |   0.061 |  -0.012 |
|      -0.019 |       0.129 |  -0.071 |   0.059 |  -0.012 |
|      -0.017 |       0.129 |  -0.070 |   0.058 |  -0.013 |
|      -0.012 |       0.129 |  -0.069 |   0.057 |  -0.013 |
|      -0.014 |       0.129 |  -0.068 |   0.055 |  -0.013 |
|      -0.016 |       0.129 |  -0.067 |   0.054 |  -0.013 |
|      -0.017 |       0.129 |  -0.066 |   0.053 |  -0.013 |
|      -0.014 |       0.129 |  -0.065 |   0.053 |  -0.012 |
|      -0.007 |       0.129 |  -0.064 |   0.052 |  -0.012 |
|      -0.008 |       0.129 |  -0.063 |   0.050 |  -0.012 |
|      -0.005 |       0.129 |  -0.061 |   0.049 |  -0.012 |
|      -0.001 |       0.129 |  -0.060 |   0.048 |  -0.012 |
|      -0.006 |       0.129 |  -0.059 |   0.047 |  -0.012 |
|      -0.007 |       0.128 |  -0.058 |   0.046 |  -0.012 |
|      -0.011 |       0.128 |  -0.057 |   0.045 |  -0.012 |
|      -0.010 |       0.128 |  -0.056 |   0.044 |  -0.013 |
|      -0.005 |       0.128 |  -0.055 |   0.042 |  -0.013 |
|      -0.010 |       0.127 |  -0.054 |   0.041 |  -0.013 |
|      -0.022 |       0.127 |  -0.054 |   0.040 |  -0.014 |
|      -0.023 |       0.126 |  -0.053 |   0.038 |  -0.015 |
|      -0.014 |       0.126 |  -0.052 |   0.037 |  -0.015 |
|      -0.013 |       0.125 |  -0.052 |   0.036 |  -0.015 |
|      -0.021 |       0.125 |  -0.051 |   0.035 |  -0.016 |
|      -0.028 |       0.124 |  -0.050 |   0.034 |  -0.017 |
|      -0.040 |       0.124 |  -0.050 |   0.033 |  -0.018 |
|      -0.041 |       0.124 |  -0.050 |   0.032 |  -0.018 |
|      -0.040 |       0.124 |  -0.050 |   0.031 |  -0.018 |
|      -0.033 |       0.124 |  -0.050 |   0.031 |  -0.018 |
|      -0.020 |       0.125 |  -0.049 |   0.031 |  -0.018 |
|      -0.008 |       0.125 |  -0.048 |   0.031 |  -0.017 |
|      -0.009 |       0.125 |  -0.047 |   0.030 |  -0.017 |
|      -0.009 |       0.125 |  -0.047 |   0.029 |  -0.017 |
|      -0.023 |       0.125 |  -0.046 |   0.029 |  -0.017 |
|      -0.028 |       0.125 |  -0.046 |   0.029 |  -0.017 |
|      -0.029 |       0.126 |  -0.045 |   0.028 |  -0.017 |
|      -0.026 |       0.126 |  -0.045 |   0.028 |  -0.017 |
|      -0.021 |       0.126 |  -0.045 |   0.028 |  -0.017 |
|      -0.011 |       0.127 |  -0.044 |   0.028 |  -0.016 |
|      -0.010 |       0.127 |  -0.043 |   0.027 |  -0.016 |
|      -0.008 |       0.127 |  -0.042 |   0.027 |  -0.016 |
|      -0.016 |       0.127 |  -0.042 |   0.026 |  -0.016 |
|      -0.020 |       0.127 |  -0.042 |   0.025 |  -0.016 |
|      -0.028 |       0.127 |  -0.041 |   0.025 |  -0.016 |
|      -0.034 |       0.127 |  -0.041 |   0.024 |  -0.017 |
|      -0.029 |       0.127 |  -0.041 |   0.024 |  -0.017 |
|      -0.023 |       0.127 |  -0.041 |   0.024 |  -0.017 |
|      -0.021 |       0.127 |  -0.040 |   0.024 |  -0.016 |
|      -0.018 |       0.128 |  -0.040 |   0.024 |  -0.016 |
|      -0.005 |       0.128 |  -0.039 |   0.023 |  -0.016 |
|      -0.003 |       0.128 |  -0.038 |   0.023 |  -0.015 |
|      -0.005 |       0.128 |  -0.038 |   0.023 |  -0.015 |
|      -0.018 |       0.128 |  -0.037 |   0.022 |  -0.015 |
|      -0.021 |       0.128 |  -0.037 |   0.021 |  -0.016 |
|      -0.029 |       0.127 |  -0.037 |   0.021 |  -0.016 |
|      -0.034 |       0.127 |  -0.037 |   0.020 |  -0.017 |
|      -0.031 |       0.127 |  -0.037 |   0.020 |  -0.017 |
|      -0.025 |       0.128 |  -0.036 |   0.020 |  -0.017 |
|      -0.021 |       0.128 |  -0.036 |   0.019 |  -0.017 |
|      -0.020 |       0.128 |  -0.036 |   0.019 |  -0.017 |
|      -0.015 |       0.128 |  -0.035 |   0.019 |  -0.016 |
|      -0.019 |       0.128 |  -0.035 |   0.019 |  -0.016 |
|      -0.014 |       0.128 |  -0.035 |   0.018 |  -0.016 |
|      -0.015 |       0.128 |  -0.034 |   0.018 |  -0.016 |
|      -0.011 |       0.128 |  -0.034 |   0.018 |  -0.016 |
|      -0.016 |       0.128 |  -0.033 |   0.017 |  -0.016 |
|      -0.024 |       0.128 |  -0.033 |   0.017 |  -0.017 |
|      -0.029 |       0.128 |  -0.033 |   0.016 |  -0.017 |
|      -0.033 |       0.128 |  -0.033 |   0.016 |  -0.017 |
|      -0.025 |       0.128 |  -0.033 |   0.016 |  -0.017 |
|      -0.022 |       0.128 |  -0.033 |   0.016 |  -0.017 |
|      -0.020 |       0.128 |  -0.032 |   0.015 |  -0.017 |
|      -0.013 |       0.129 |  -0.032 |   0.015 |  -0.017 |
|      -0.022 |       0.128 |  -0.032 |   0.015 |  -0.017 |
|      -0.025 |       0.128 |  -0.032 |   0.015 |  -0.017 |
|      -0.026 |       0.129 |  -0.032 |   0.014 |  -0.017 |
|      -0.023 |       0.129 |  -0.031 |   0.014 |  -0.017 |
|      -0.018 |       0.129 |  -0.031 |   0.014 |  -0.017 |
|      -0.023 |       0.129 |  -0.031 |   0.014 |  -0.017 |
|      -0.022 |       0.129 |  -0.031 |   0.013 |  -0.017 |
|      -0.024 |       0.129 |  -0.031 |   0.013 |  -0.017 |
|      -0.023 |       0.129 |  -0.030 |   0.013 |  -0.018 |
|      -0.020 |       0.129 |  -0.030 |   0.013 |  -0.018 |
|      -0.022 |       0.129 |  -0.030 |   0.012 |  -0.018 |
|      -0.020 |       0.129 |  -0.030 |   0.012 |  -0.018 |
|      -0.026 |       0.129 |  -0.030 |   0.012 |  -0.018 |
|      -0.019 |       0.129 |  -0.030 |   0.012 |  -0.018 |
|      -0.018 |       0.129 |  -0.029 |   0.011 |  -0.018 |
|      -0.016 |       0.128 |  -0.029 |   0.011 |  -0.018 |
|      -0.021 |       0.128 |  -0.029 |   0.010 |  -0.019 |
|      -0.024 |       0.128 |  -0.029 |   0.010 |  -0.019 |
|      -0.029 |       0.128 |  -0.029 |   0.010 |  -0.019 |
|      -0.026 |       0.128 |  -0.029 |   0.009 |  -0.019 |
|      -0.033 |       0.128 |  -0.029 |   0.009 |  -0.020 |
|      -0.031 |       0.128 |  -0.029 |   0.009 |  -0.020 |
|      -0.029 |       0.128 |  -0.029 |   0.009 |  -0.020 |
|      -0.033 |       0.128 |  -0.029 |   0.009 |  -0.020 |
|      -0.027 |       0.128 |  -0.029 |   0.009 |  -0.020 |
|      -0.017 |       0.129 |  -0.029 |   0.009 |  -0.019 |
|      -0.020 |       0.129 |  -0.029 |   0.009 |  -0.019 |
|      -0.023 |       0.129 |  -0.028 |   0.009 |  -0.019 |
|      -0.024 |       0.129 |  -0.028 |   0.009 |  -0.019 |
|      -0.036 |       0.129 |  -0.028 |   0.009 |  -0.019 |
|      -0.032 |       0.130 |  -0.029 |   0.009 |  -0.019 |
|      -0.027 |       0.130 |  -0.028 |   0.009 |  -0.019 |
|      -0.024 |       0.130 |  -0.028 |   0.010 |  -0.019 |
|      -0.014 |       0.131 |  -0.028 |   0.010 |  -0.018 |
|      -0.013 |       0.131 |  -0.028 |   0.010 |  -0.018 |
|      -0.020 |       0.131 |  -0.028 |   0.010 |  -0.018 |
|      -0.024 |       0.132 |  -0.028 |   0.010 |  -0.018 |
|      -0.027 |       0.132 |  -0.028 |   0.010 |  -0.017 |
|      -0.024 |       0.132 |  -0.028 |   0.010 |  -0.017 |
|      -0.021 |       0.132 |  -0.027 |   0.010 |  -0.017 |
|      -0.015 |       0.132 |  -0.027 |   0.010 |  -0.017 |
|      -0.014 |       0.132 |  -0.027 |   0.010 |  -0.017 |
|      -0.009 |       0.132 |  -0.027 |   0.010 |  -0.017 |
|      -0.010 |       0.132 |  -0.026 |   0.009 |  -0.017 |
|      -0.027 |       0.132 |  -0.026 |   0.009 |  -0.017 |
|      -0.037 |       0.132 |  -0.026 |   0.008 |  -0.018 |
|      -0.030 |       0.132 |  -0.026 |   0.008 |  -0.018 |
|      -0.028 |       0.132 |  -0.027 |   0.008 |  -0.018 |
|      -0.027 |       0.132 |  -0.027 |   0.008 |  -0.018 |
|      -0.015 |       0.132 |  -0.026 |   0.008 |  -0.018 |
|      -0.018 |       0.132 |  -0.026 |   0.008 |  -0.018 |
|      -0.022 |       0.132 |  -0.026 |   0.008 |  -0.018 |
|      -0.018 |       0.132 |  -0.026 |   0.008 |  -0.018 |
|      -0.019 |       0.132 |  -0.026 |   0.007 |  -0.019 |
|      -0.035 |       0.132 |  -0.026 |   0.007 |  -0.019 |
|      -0.030 |       0.132 |  -0.026 |   0.007 |  -0.019 |
|      -0.027 |       0.132 |  -0.026 |   0.007 |  -0.020 |
|      -0.027 |       0.131 |  -0.026 |   0.006 |  -0.020 |
|      -0.025 |       0.132 |  -0.026 |   0.006 |  -0.020 |
|      -0.023 |       0.132 |  -0.026 |   0.006 |  -0.020 |
|      -0.019 |       0.132 |  -0.026 |   0.006 |  -0.020 |
|      -0.028 |       0.131 |  -0.026 |   0.006 |  -0.020 |
|      -0.027 |       0.131 |  -0.026 |   0.006 |  -0.020 |
|      -0.024 |       0.131 |  -0.026 |   0.006 |  -0.020 |
|      -0.022 |       0.131 |  -0.026 |   0.005 |  -0.020 |
|      -0.019 |       0.131 |  -0.026 |   0.005 |  -0.020 |
|      -0.028 |       0.131 |  -0.026 |   0.005 |  -0.021 |
|      -0.034 |       0.131 |  -0.026 |   0.005 |  -0.021 |
|      -0.035 |       0.131 |  -0.026 |   0.004 |  -0.022 |
|      -0.042 |       0.131 |  -0.026 |   0.005 |  -0.022 |
|      -0.038 |       0.131 |  -0.027 |   0.005 |  -0.022 |
|      -0.035 |       0.131 |  -0.027 |   0.005 |  -0.022 |
|      -0.026 |       0.132 |  -0.027 |   0.005 |  -0.022 |
|      -0.022 |       0.132 |  -0.027 |   0.005 |  -0.022 |
|      -0.016 |       0.132 |  -0.026 |   0.005 |  -0.021 |
|      -0.013 |       0.132 |  -0.026 |   0.005 |  -0.021 |
|      -0.018 |       0.132 |  -0.026 |   0.005 |  -0.021 |
|      -0.019 |       0.132 |  -0.026 |   0.005 |  -0.021 |
|      -0.025 |       0.132 |  -0.026 |   0.005 |  -0.021 |
|      -0.028 |       0.132 |  -0.026 |   0.005 |  -0.021 |
|      -0.036 |       0.132 |  -0.026 |   0.005 |  -0.021 |
|      -0.036 |       0.132 |  -0.026 |   0.005 |  -0.022 |
|      -0.040 |       0.132 |  -0.027 |   0.005 |  -0.022 |
|      -0.044 |       0.133 |  -0.027 |   0.005 |  -0.022 |
|      -0.031 |       0.133 |  -0.027 |   0.005 |  -0.022 |
|      -0.030 |       0.133 |  -0.027 |   0.005 |  -0.022 |
|      -0.027 |       0.134 |  -0.027 |   0.005 |  -0.022 |
|      -0.020 |       0.134 |  -0.027 |   0.006 |  -0.021 |
|      -0.025 |       0.134 |  -0.027 |   0.006 |  -0.021 |
|      -0.028 |       0.134 |  -0.027 |   0.006 |  -0.021 |
|      -0.022 |       0.135 |  -0.027 |   0.006 |  -0.021 |
|      -0.020 |       0.135 |  -0.027 |   0.006 |  -0.021 |
|      -0.020 |       0.135 |  -0.027 |   0.006 |  -0.021 |
|      -0.029 |       0.135 |  -0.027 |   0.006 |  -0.021 |
|      -0.032 |       0.135 |  -0.027 |   0.006 |  -0.021 |
|      -0.043 |       0.135 |  -0.027 |   0.006 |  -0.022 |
|      -0.042 |       0.135 |  -0.027 |   0.006 |  -0.022 |
|      -0.031 |       0.135 |  -0.027 |   0.006 |  -0.021 |
|      -0.030 |       0.136 |  -0.027 |   0.006 |  -0.021 |
|      -0.015 |       0.136 |  -0.027 |   0.007 |  -0.021 |
|      -0.019 |       0.136 |  -0.027 |   0.007 |  -0.021 |
|      -0.018 |       0.137 |  -0.027 |   0.007 |  -0.020 |
|      -0.027 |       0.137 |  -0.027 |   0.007 |  -0.020 |
|      -0.024 |       0.137 |  -0.027 |   0.006 |  -0.020 |
|      -0.032 |       0.137 |  -0.027 |   0.006 |  -0.021 |
|      -0.030 |       0.137 |  -0.027 |   0.006 |  -0.021 |
|      -0.029 |       0.137 |  -0.027 |   0.006 |  -0.021 |
|      -0.032 |       0.137 |  -0.027 |   0.006 |  -0.021 |
|      -0.033 |       0.137 |  -0.027 |   0.007 |  -0.021 |
|      -0.028 |       0.138 |  -0.027 |   0.007 |  -0.021 |
|      -0.029 |       0.138 |  -0.027 |   0.007 |  -0.021 |
|      -0.027 |       0.138 |  -0.027 |   0.007 |  -0.020 |
|      -0.024 |       0.138 |  -0.027 |   0.007 |  -0.021 |
|      -0.027 |       0.138 |  -0.027 |   0.007 |  -0.020 |
|      -0.029 |       0.139 |  -0.027 |   0.007 |  -0.020 |
|      -0.021 |       0.139 |  -0.027 |   0.007 |  -0.020 |
|      -0.015 |       0.139 |  -0.027 |   0.007 |  -0.020 |
|      -0.018 |       0.139 |  -0.027 |   0.007 |  -0.020 |
|      -0.024 |       0.139 |  -0.027 |   0.007 |  -0.020 |
|      -0.026 |       0.139 |  -0.027 |   0.007 |  -0.020 |
|      -0.030 |       0.139 |  -0.027 |   0.006 |  -0.020 |
|      -0.030 |       0.139 |  -0.027 |   0.006 |  -0.020 |
|      -0.039 |       0.139 |  -0.027 |   0.006 |  -0.021 |
|      -0.042 |       0.139 |  -0.027 |   0.006 |  -0.021 |
|      -0.031 |       0.139 |  -0.027 |   0.006 |  -0.021 |
|      -0.024 |       0.140 |  -0.027 |   0.007 |  -0.021 |
|      -0.020 |       0.140 |  -0.027 |   0.007 |  -0.021 |
|      -0.020 |       0.140 |  -0.027 |   0.007 |  -0.020 |
|      -0.023 |       0.140 |  -0.027 |   0.007 |  -0.020 |
|      -0.031 |       0.140 |  -0.027 |   0.006 |  -0.021 |
|      -0.027 |       0.140 |  -0.027 |   0.006 |  -0.021 |
|      -0.030 |       0.140 |  -0.027 |   0.006 |  -0.021 |
|      -0.026 |       0.140 |  -0.027 |   0.006 |  -0.021 |
|      -0.028 |       0.140 |  -0.027 |   0.006 |  -0.021 |
|      -0.028 |       0.141 |  -0.027 |   0.006 |  -0.021 |
|      -0.022 |       0.141 |  -0.027 |   0.006 |  -0.021 |
|      -0.022 |       0.141 |  -0.027 |   0.006 |  -0.021 |
|      -0.024 |       0.141 |  -0.027 |   0.006 |  -0.021 |
|      -0.023 |       0.141 |  -0.027 |   0.006 |  -0.021 |
|      -0.017 |       0.141 |  -0.027 |   0.006 |  -0.020 |
|      -0.027 |       0.141 |  -0.027 |   0.006 |  -0.021 |
|      -0.029 |       0.141 |  -0.027 |   0.006 |  -0.021 |
|      -0.033 |       0.141 |  -0.027 |   0.006 |  -0.021 |
|      -0.041 |       0.141 |  -0.027 |   0.006 |  -0.021 |
|      -0.035 |       0.141 |  -0.027 |   0.006 |  -0.021 |
|      -0.030 |       0.141 |  -0.027 |   0.006 |  -0.021 |
|      -0.025 |       0.142 |  -0.027 |   0.006 |  -0.021 |
|      -0.020 |       0.142 |  -0.027 |   0.006 |  -0.021 |
|      -0.016 |       0.142 |  -0.027 |   0.006 |  -0.021 |
|      -0.024 |       0.142 |  -0.027 |   0.006 |  -0.021 |
|      -0.033 |       0.142 |  -0.027 |   0.006 |  -0.021 |
|      -0.036 |       0.142 |  -0.027 |   0.006 |  -0.022 |
|      -0.037 |       0.142 |  -0.027 |   0.006 |  -0.022 |
|      -0.038 |       0.142 |  -0.027 |   0.006 |  -0.022 |
|      -0.030 |       0.142 |  -0.028 |   0.006 |  -0.022 |
|      -0.030 |       0.143 |  -0.028 |   0.006 |  -0.022 |
|      -0.035 |       0.143 |  -0.028 |   0.006 |  -0.022 |
|      -0.033 |       0.143 |  -0.028 |   0.006 |  -0.022 |
|      -0.025 |       0.144 |  -0.028 |   0.006 |  -0.021 |
|      -0.024 |       0.144 |  -0.028 |   0.007 |  -0.021 |
|      -0.025 |       0.144 |  -0.028 |   0.007 |  -0.021 |
|      -0.023 |       0.144 |  -0.028 |   0.007 |  -0.021 |
|      -0.018 |       0.144 |  -0.027 |   0.007 |  -0.021 |
|      -0.029 |       0.144 |  -0.027 |   0.007 |  -0.021 |
|      -0.034 |       0.144 |  -0.028 |   0.006 |  -0.021 |
|      -0.033 |       0.144 |  -0.028 |   0.006 |  -0.021 |
|      -0.028 |       0.144 |  -0.028 |   0.006 |  -0.021 |
|      -0.026 |       0.144 |  -0.028 |   0.006 |  -0.021 |
|      -0.021 |       0.145 |  -0.028 |   0.006 |  -0.021 |
|      -0.029 |       0.145 |  -0.028 |   0.006 |  -0.021 |
|      -0.031 |       0.145 |  -0.028 |   0.006 |  -0.022 |
|      -0.027 |       0.145 |  -0.028 |   0.006 |  -0.021 |
|      -0.027 |       0.145 |  -0.028 |   0.006 |  -0.022 |
|      -0.030 |       0.145 |  -0.028 |   0.006 |  -0.022 |
|      -0.026 |       0.145 |  -0.028 |   0.006 |  -0.022 |
|      -0.025 |       0.145 |  -0.028 |   0.006 |  -0.021 |
|      -0.026 |       0.146 |  -0.028 |   0.006 |  -0.021 |
|      -0.024 |       0.146 |  -0.027 |   0.006 |  -0.021 |
|      -0.022 |       0.146 |  -0.027 |   0.006 |  -0.021 |
|      -0.022 |       0.146 |  -0.027 |   0.006 |  -0.021 |
|      -0.027 |       0.146 |  -0.027 |   0.006 |  -0.021 |
|      -0.026 |       0.146 |  -0.027 |   0.006 |  -0.021 |
|      -0.026 |       0.146 |  -0.027 |   0.006 |  -0.021 |
|      -0.032 |       0.146 |  -0.027 |   0.006 |  -0.021 |
|      -0.031 |       0.147 |  -0.027 |   0.006 |  -0.021 |
|      -0.024 |       0.147 |  -0.027 |   0.006 |  -0.021 |
|      -0.022 |       0.147 |  -0.027 |   0.006 |  -0.021 |
|      -0.027 |       0.147 |  -0.027 |   0.006 |  -0.021 |
|      -0.023 |       0.147 |  -0.027 |   0.006 |  -0.021 |
|      -0.026 |       0.147 |  -0.027 |   0.006 |  -0.021 |
|      -0.025 |       0.147 |  -0.027 |   0.006 |  -0.021 |
|      -0.019 |       0.147 |  -0.027 |   0.006 |  -0.021 |
|      -0.020 |       0.147 |  -0.027 |   0.006 |  -0.021 |
|      -0.017 |       0.147 |  -0.027 |   0.006 |  -0.021 |
|      -0.026 |       0.147 |  -0.027 |   0.005 |  -0.021 |
|      -0.025 |       0.147 |  -0.027 |   0.005 |  -0.021 |
|      -0.031 |       0.147 |  -0.027 |   0.005 |  -0.022 |
|      -0.034 |       0.147 |  -0.027 |   0.005 |  -0.022 |
|      -0.038 |       0.147 |  -0.027 |   0.005 |  -0.022 |
|      -0.032 |       0.147 |  -0.027 |   0.005 |  -0.022 |
|      -0.031 |       0.147 |  -0.027 |   0.005 |  -0.022 |
|      -0.026 |       0.147 |  -0.027 |   0.005 |  -0.022 |
|      -0.023 |       0.147 |  -0.027 |   0.005 |  -0.022 |
|      -0.026 |       0.148 |  -0.027 |   0.005 |  -0.022 |
|      -0.025 |       0.148 |  -0.027 |   0.005 |  -0.022 |
|      -0.031 |       0.148 |  -0.027 |   0.005 |  -0.022 |
|      -0.033 |       0.148 |  -0.027 |   0.005 |  -0.022 |
|      -0.033 |       0.148 |  -0.027 |   0.005 |  -0.022 |
|      -0.026 |       0.148 |  -0.027 |   0.005 |  -0.022 |
|      -0.021 |       0.148 |  -0.027 |   0.005 |  -0.022 |
|      -0.027 |       0.149 |  -0.027 |   0.005 |  -0.022 |
|      -0.027 |       0.149 |  -0.027 |   0.006 |  -0.021 |
|      -0.021 |       0.149 |  -0.027 |   0.006 |  -0.021 |
|      -0.017 |       0.149 |  -0.027 |   0.006 |  -0.021 |
|      -0.017 |       0.149 |  -0.027 |   0.006 |  -0.021 |
|      -0.027 |       0.149 |  -0.027 |   0.005 |  -0.021 |
|      -0.029 |       0.149 |  -0.027 |   0.005 |  -0.022 |
|      -0.034 |       0.149 |  -0.027 |   0.005 |  -0.022 |
|      -0.039 |       0.149 |  -0.027 |   0.005 |  -0.022 |
|      -0.035 |       0.149 |  -0.027 |   0.005 |  -0.022 |
|      -0.038 |       0.149 |  -0.027 |   0.005 |  -0.023 |
|      -0.034 |       0.149 |  -0.028 |   0.005 |  -0.022 |
|      -0.028 |       0.150 |  -0.028 |   0.005 |  -0.022 |
|      -0.021 |       0.150 |  -0.027 |   0.006 |  -0.022 |
|      -0.019 |       0.150 |  -0.027 |   0.006 |  -0.021 |
|      -0.012 |       0.151 |  -0.027 |   0.006 |  -0.021 |
|      -0.019 |       0.151 |  -0.027 |   0.006 |  -0.021 |
|      -0.027 |       0.151 |  -0.027 |   0.006 |  -0.021 |
|      -0.030 |       0.151 |  -0.027 |   0.006 |  -0.021 |
|      -0.034 |       0.151 |  -0.027 |   0.006 |  -0.021 |
|      -0.034 |       0.151 |  -0.027 |   0.006 |  -0.022 |
|      -0.037 |       0.151 |  -0.027 |   0.006 |  -0.022 |
|      -0.029 |       0.151 |  -0.027 |   0.006 |  -0.022 |
|      -0.027 |       0.152 |  -0.027 |   0.006 |  -0.021 |
|      -0.025 |       0.152 |  -0.027 |   0.006 |  -0.021 |
|      -0.025 |       0.152 |  -0.027 |   0.006 |  -0.021 |
|      -0.020 |       0.152 |  -0.027 |   0.006 |  -0.021 |
|      -0.021 |       0.153 |  -0.027 |   0.006 |  -0.021 |
|      -0.026 |       0.153 |  -0.027 |   0.006 |  -0.021 |
|      -0.028 |       0.153 |  -0.027 |   0.006 |  -0.021 |
|      -0.031 |       0.153 |  -0.027 |   0.006 |  -0.021 |
|      -0.031 |       0.153 |  -0.027 |   0.006 |  -0.021 |
|      -0.038 |       0.153 |  -0.027 |   0.006 |  -0.022 |
|      -0.044 |       0.153 |  -0.028 |   0.006 |  -0.022 |
|      -0.041 |       0.153 |  -0.028 |   0.006 |  -0.022 |
|      -0.034 |       0.154 |  -0.028 |   0.007 |  -0.021 |
|      -0.032 |       0.154 |  -0.028 |   0.007 |  -0.021 |
|      -0.023 |       0.155 |  -0.028 |   0.007 |  -0.021 |
|      -0.025 |       0.155 |  -0.028 |   0.008 |  -0.020 |
|      -0.019 |       0.156 |  -0.028 |   0.008 |  -0.020 |
|      -0.019 |       0.156 |  -0.028 |   0.008 |  -0.019 |
|      -0.017 |       0.156 |  -0.027 |   0.008 |  -0.019 |
|      -0.018 |       0.157 |  -0.027 |   0.009 |  -0.019 |
|      -0.021 |       0.157 |  -0.027 |   0.008 |  -0.019 |
|      -0.021 |       0.157 |  -0.027 |   0.008 |  -0.019 |
|      -0.020 |       0.157 |  -0.027 |   0.008 |  -0.019 |
|      -0.019 |       0.157 |  -0.027 |   0.008 |  -0.019 |
|      -0.024 |       0.157 |  -0.027 |   0.008 |  -0.019 |
|      -0.033 |       0.156 |  -0.027 |   0.007 |  -0.020 |
|      -0.029 |       0.156 |  -0.027 |   0.007 |  -0.020 |
|      -0.033 |       0.157 |  -0.027 |   0.007 |  -0.020 |
|      -0.031 |       0.157 |  -0.027 |   0.007 |  -0.020 |
|      -0.032 |       0.157 |  -0.027 |   0.007 |  -0.020 |
|      -0.023 |       0.157 |  -0.027 |   0.007 |  -0.020 |
|      -0.023 |       0.158 |  -0.027 |   0.008 |  -0.019 |
|      -0.024 |       0.158 |  -0.027 |   0.008 |  -0.019 |
|      -0.022 |       0.158 |  -0.027 |   0.007 |  -0.019 |
|      -0.019 |       0.158 |  -0.027 |   0.008 |  -0.019 |
|      -0.018 |       0.158 |  -0.026 |   0.008 |  -0.019 |
|      -0.025 |       0.158 |  -0.026 |   0.007 |  -0.019 |
|      -0.019 |       0.158 |  -0.026 |   0.007 |  -0.019 |
|      -0.021 |       0.158 |  -0.026 |   0.007 |  -0.019 |
|      -0.018 |       0.158 |  -0.026 |   0.007 |  -0.019 |
|      -0.019 |       0.158 |  -0.026 |   0.006 |  -0.019 |
|      -0.026 |       0.158 |  -0.026 |   0.006 |  -0.020 |
|      -0.026 |       0.157 |  -0.026 |   0.006 |  -0.020 |
|      -0.025 |       0.157 |  -0.026 |   0.005 |  -0.020 |
|      -0.035 |       0.157 |  -0.026 |   0.005 |  -0.021 |
|      -0.030 |       0.157 |  -0.026 |   0.005 |  -0.021 |
|      -0.033 |       0.157 |  -0.026 |   0.004 |  -0.022 |
|      -0.036 |       0.156 |  -0.026 |   0.004 |  -0.022 |
|      -0.041 |       0.156 |  -0.027 |   0.004 |  -0.023 |
|      -0.034 |       0.156 |  -0.027 |   0.004 |  -0.023 |
|      -0.032 |       0.156 |  -0.027 |   0.004 |  -0.023 |
|      -0.027 |       0.157 |  -0.027 |   0.004 |  -0.023 |
|      -0.028 |       0.157 |  -0.027 |   0.004 |  -0.023 |
|      -0.024 |       0.157 |  -0.027 |   0.004 |  -0.023 |
|      -0.022 |       0.157 |  -0.027 |   0.004 |  -0.023 |
|      -0.026 |       0.157 |  -0.027 |   0.004 |  -0.023 |
|      -0.028 |       0.157 |  -0.027 |   0.004 |  -0.023 |
|      -0.029 |       0.157 |  -0.027 |   0.004 |  -0.023 |
|      -0.038 |       0.157 |  -0.027 |   0.004 |  -0.023 |
|      -0.039 |       0.157 |  -0.027 |   0.004 |  -0.024 |
|      -0.029 |       0.157 |  -0.027 |   0.004 |  -0.023 |
|      -0.029 |       0.157 |  -0.027 |   0.004 |  -0.024 |
|      -0.030 |       0.157 |  -0.027 |   0.004 |  -0.023 |
|      -0.023 |       0.158 |  -0.027 |   0.004 |  -0.023 |
|      -0.023 |       0.158 |  -0.027 |   0.004 |  -0.023 |
|      -0.027 |       0.158 |  -0.027 |   0.004 |  -0.023 |
|      -0.031 |       0.158 |  -0.027 |   0.004 |  -0.024 |