| theta_a_raw | theta_g_raw | theta_a | theta_g | theta_f |

|       0.072 |      -0.000 |   0.001 |  -0.000 |   0.001 |
|       0.061 |      -0.000 |   0.003 |  -0.000 |   0.003 |
|       0.054 |      -0.000 |   0.004 |  -0.000 |   0.004 |
|       0.044 |      -0.000 |   0.004 |  -0.000 |   0.004 |
|       0.055 |      -0.000 |   0.005 |  -0.000 |   0.005 |
|       0.059 |      -0.000 |   0.007 |  -0.000 |   0.006 |
|       0.055 |      -0.000 |   0.008 |  -0.000 |   0.007 |
|       0.043 |      -0.000 |   0.008 |  -0.000 |   0.008 |
|       0.052 |      -0.000 |   0.009 |  -0.000 |   0.009 |
|       0.051 |       0.000 |   0.010 |   0.000 |   0.010 |
|       0.047 |       0.000 |   0.011 |   0.000 |   0.011 |
|       0.057 |       0.000 |   0.012 |   0.000 |   0.012 |
|       0.060 |       0.000 |   0.013 |   0.001 |   0.013 |
|       0.055 |       0.001 |   0.013 |   0.001 |   0.014 |
|       0.056 |       0.001 |   0.014 |   0.001 |   0.015 |
|       0.059 |       0.001 |   0.015 |   0.001 |   0.016 |
|       0.062 |       0.001 |   0.016 |   0.001 |   0.017 |
|       0.056 |       0.001 |   0.017 |   0.001 |   0.018 |
|       0.051 |       0.001 |   0.018 |   0.001 |   0.019 |
|       0.063 |       0.001 |   0.019 |   0.001 |   0.020 |
|       0.057 |       0.001 |   0.019 |   0.001 |   0.021 |
|       0.049 |       0.001 |   0.020 |   0.001 |   0.021 |
|       0.051 |       0.001 |   0.020 |   0.001 |   0.022 |
|       0.054 |       0.002 |   0.021 |   0.002 |   0.023 |
|       0.056 |       0.002 |   0.022 |   0.002 |   0.023 |
|       0.050 |       0.002 |   0.022 |   0.002 |   0.024 |
|       0.058 |       0.002 |   0.023 |   0.002 |   0.025 |
|       0.055 |       0.002 |   0.024 |   0.002 |   0.026 |
|       0.047 |       0.003 |   0.024 |   0.002 |   0.026 |
|       0.056 |       0.003 |   0.025 |   0.002 |   0.027 |
|       0.062 |       0.003 |   0.026 |   0.003 |   0.028 |
|       0.056 |       0.003 |   0.026 |   0.003 |   0.029 |
|       0.056 |       0.003 |   0.027 |   0.003 |   0.029 |
|       0.057 |       0.003 |   0.027 |   0.003 |   0.030 |
|       0.051 |       0.003 |   0.028 |   0.003 |   0.031 |
|       0.048 |       0.003 |   0.028 |   0.003 |   0.031 |
|       0.054 |       0.004 |   0.029 |   0.003 |   0.032 |
|       0.056 |       0.004 |   0.029 |   0.003 |   0.032 |
|       0.059 |       0.004 |   0.030 |   0.003 |   0.033 |
|       0.057 |       0.004 |   0.031 |   0.003 |   0.034 |
|       0.050 |       0.004 |   0.031 |   0.003 |   0.034 |
|       0.047 |       0.004 |   0.031 |   0.003 |   0.034 |
|       0.055 |       0.004 |   0.032 |   0.003 |   0.035 |
|       0.050 |       0.005 |   0.032 |   0.003 |   0.035 |
|       0.040 |       0.005 |   0.032 |   0.003 |   0.036 |
|       0.055 |       0.005 |   0.033 |   0.004 |   0.036 |
|       0.060 |       0.005 |   0.033 |   0.004 |   0.037 |
|       0.058 |       0.005 |   0.034 |   0.004 |   0.038 |
|       0.058 |       0.006 |   0.034 |   0.004 |   0.038 |
|       0.057 |       0.006 |   0.035 |   0.004 |   0.039 |
|       0.050 |       0.006 |   0.035 |   0.004 |   0.039 |
|       0.061 |       0.006 |   0.036 |   0.004 |   0.040 |
|       0.062 |       0.006 |   0.036 |   0.004 |   0.040 |
|       0.052 |       0.006 |   0.036 |   0.004 |   0.041 |
|       0.045 |       0.006 |   0.037 |   0.004 |   0.041 |
|       0.058 |       0.007 |   0.037 |   0.004 |   0.041 |
|       0.056 |       0.007 |   0.037 |   0.005 |   0.042 |
|       0.049 |       0.007 |   0.038 |   0.005 |   0.042 |
|       0.055 |       0.007 |   0.038 |   0.005 |   0.043 |
|       0.060 |       0.007 |   0.038 |   0.005 |   0.043 |
|       0.047 |       0.007 |   0.039 |   0.005 |   0.043 |
|       0.057 |       0.008 |   0.039 |   0.005 |   0.044 |
|       0.063 |       0.008 |   0.039 |   0.005 |   0.044 |
|       0.059 |       0.008 |   0.040 |   0.005 |   0.045 |
|       0.060 |       0.008 |   0.040 |   0.005 |   0.045 |
|       0.056 |       0.008 |   0.041 |   0.005 |   0.045 |
|       0.048 |       0.008 |   0.041 |   0.005 |   0.046 |
|       0.050 |       0.008 |   0.041 |   0.005 |   0.046 |
|       0.054 |       0.008 |   0.041 |   0.005 |   0.046 |
|       0.054 |       0.009 |   0.041 |   0.005 |   0.046 |
|       0.049 |       0.009 |   0.042 |   0.005 |   0.047 |
|       0.054 |       0.009 |   0.042 |   0.005 |   0.047 |
|       0.056 |       0.009 |   0.042 |   0.005 |   0.047 |
|       0.051 |       0.009 |   0.042 |   0.005 |   0.047 |
|       0.057 |       0.009 |   0.043 |   0.005 |   0.048 |
|       0.054 |       0.009 |   0.043 |   0.005 |   0.048 |
|       0.050 |       0.010 |   0.043 |   0.005 |   0.048 |
|       0.061 |       0.010 |   0.043 |   0.005 |   0.049 |
|       0.055 |       0.010 |   0.043 |   0.006 |   0.049 |
|       0.057 |       0.010 |   0.044 |   0.006 |   0.050 |
|       0.060 |       0.010 |   0.044 |   0.006 |   0.050 |
|       0.049 |       0.011 |   0.044 |   0.006 |   0.050 |
|       0.051 |       0.011 |   0.044 |   0.006 |   0.050 |
|       0.062 |       0.011 |   0.045 |   0.006 |   0.050 |
|       0.054 |       0.011 |   0.045 |   0.006 |   0.051 |
|       0.060 |       0.011 |   0.045 |   0.006 |   0.051 |
|       0.058 |       0.011 |   0.045 |   0.005 |   0.051 |
|       0.059 |       0.011 |   0.046 |   0.005 |   0.051 |
|       0.049 |       0.011 |   0.046 |   0.005 |   0.051 |
|       0.050 |       0.011 |   0.046 |   0.005 |   0.051 |
|       0.050 |       0.011 |   0.046 |   0.005 |   0.051 |
|       0.055 |       0.011 |   0.046 |   0.005 |   0.051 |
|       0.053 |       0.011 |   0.046 |   0.005 |   0.051 |
|       0.051 |       0.011 |   0.046 |   0.005 |   0.051 |
|       0.051 |       0.011 |   0.046 |   0.005 |   0.051 |
|       0.052 |       0.011 |   0.047 |   0.005 |   0.051 |
|       0.053 |       0.011 |   0.047 |   0.005 |   0.052 |
|       0.054 |       0.012 |   0.047 |   0.005 |   0.052 |
|       0.055 |       0.012 |   0.047 |   0.005 |   0.052 |
|       0.050 |       0.012 |   0.047 |   0.005 |   0.052 |
|       0.046 |       0.012 |   0.047 |   0.006 |   0.053 |
|       0.063 |       0.013 |   0.047 |   0.006 |   0.053 |
|       0.064 |       0.013 |   0.048 |   0.006 |   0.054 |
|       0.053 |       0.013 |   0.048 |   0.006 |   0.054 |
|       0.058 |       0.013 |   0.048 |   0.006 |   0.054 |
|       0.065 |       0.013 |   0.048 |   0.006 |   0.054 |
|       0.059 |       0.013 |   0.049 |   0.006 |   0.054 |
|       0.060 |       0.013 |   0.049 |   0.006 |   0.055 |
|       0.052 |       0.014 |   0.049 |   0.006 |   0.055 |
|       0.053 |       0.014 |   0.049 |   0.006 |   0.055 |
|       0.050 |       0.014 |   0.049 |   0.006 |   0.055 |
|       0.052 |       0.014 |   0.049 |   0.006 |   0.055 |
|       0.053 |       0.014 |   0.049 |   0.006 |   0.055 |
|       0.065 |       0.014 |   0.049 |   0.006 |   0.056 |
|       0.060 |       0.014 |   0.050 |   0.006 |   0.055 |
|       0.054 |       0.014 |   0.050 |   0.006 |   0.055 |
|       0.053 |       0.014 |   0.050 |   0.006 |   0.055 |
|       0.057 |       0.014 |   0.050 |   0.005 |   0.055 |
|       0.047 |       0.014 |   0.050 |   0.005 |   0.055 |
|       0.046 |       0.014 |   0.050 |   0.005 |   0.055 |
|       0.050 |       0.014 |   0.050 |   0.005 |   0.054 |
|       0.047 |       0.014 |   0.050 |   0.004 |   0.054 |
|       0.054 |       0.013 |   0.050 |   0.004 |   0.054 |
|       0.053 |       0.013 |   0.050 |   0.004 |   0.054 |
|       0.055 |       0.014 |   0.050 |   0.004 |   0.054 |
|       0.052 |       0.014 |   0.050 |   0.004 |   0.054 |
|       0.051 |       0.014 |   0.050 |   0.004 |   0.054 |
|       0.050 |       0.014 |   0.050 |   0.004 |   0.054 |
|       0.051 |       0.014 |   0.050 |   0.004 |   0.054 |
|       0.063 |       0.014 |   0.050 |   0.004 |   0.055 |
|       0.060 |       0.014 |   0.050 |   0.004 |   0.055 |
|       0.057 |       0.014 |   0.051 |   0.004 |   0.055 |
|       0.055 |       0.014 |   0.051 |   0.004 |   0.054 |
|       0.048 |       0.014 |   0.051 |   0.003 |   0.054 |
|       0.044 |       0.013 |   0.051 |   0.003 |   0.054 |
|       0.044 |       0.013 |   0.050 |   0.003 |   0.053 |
|       0.052 |       0.013 |   0.050 |   0.003 |   0.053 |
|       0.053 |       0.013 |   0.050 |   0.003 |   0.053 |
|       0.046 |       0.013 |   0.050 |   0.003 |   0.053 |
|       0.041 |       0.013 |   0.050 |   0.003 |   0.053 |
|       0.052 |       0.013 |   0.050 |   0.003 |   0.053 |
|       0.060 |       0.013 |   0.050 |   0.003 |   0.053 |
|       0.057 |       0.013 |   0.051 |   0.003 |   0.053 |
|       0.059 |       0.013 |   0.051 |   0.003 |   0.053 |
|       0.054 |       0.013 |   0.051 |   0.002 |   0.053 |
|       0.055 |       0.013 |   0.051 |   0.002 |   0.053 |
|       0.052 |       0.013 |   0.051 |   0.002 |   0.053 |
|       0.049 |       0.012 |   0.051 |   0.001 |   0.052 |
|       0.047 |       0.012 |   0.051 |   0.001 |   0.052 |
|       0.047 |       0.011 |   0.051 |   0.000 |   0.051 |
|       0.053 |       0.011 |   0.051 |  -0.000 |   0.051 |
|       0.049 |       0.010 |   0.051 |  -0.001 |   0.050 |
|       0.049 |       0.010 |   0.051 |  -0.001 |   0.050 |
|       0.040 |       0.009 |   0.050 |  -0.001 |   0.049 |
|       0.044 |       0.009 |   0.050 |  -0.002 |   0.048 |
|       0.050 |       0.008 |   0.050 |  -0.003 |   0.048 |
|       0.033 |       0.008 |   0.050 |  -0.003 |   0.047 |
|       0.045 |       0.007 |   0.050 |  -0.004 |   0.046 |
|       0.054 |       0.006 |   0.050 |  -0.004 |   0.046 |
|       0.048 |       0.005 |   0.050 |  -0.005 |   0.045 |
|       0.046 |       0.005 |   0.050 |  -0.006 |   0.044 |
|       0.044 |       0.003 |   0.050 |  -0.007 |   0.043 |
|       0.064 |       0.002 |   0.050 |  -0.008 |   0.042 |
|       0.054 |       0.001 |   0.050 |  -0.009 |   0.041 |
|       0.056 |      -0.001 |   0.050 |  -0.011 |   0.039 |
|       0.069 |      -0.003 |   0.051 |  -0.013 |   0.038 |
|       0.061 |      -0.006 |   0.051 |  -0.015 |   0.035 |
|       0.061 |      -0.009 |   0.051 |  -0.018 |   0.033 |
|       0.066 |      -0.012 |   0.051 |  -0.021 |   0.030 |
|       0.057 |      -0.016 |   0.051 |  -0.024 |   0.027 |
|       0.039 |      -0.020 |   0.051 |  -0.028 |   0.023 |
|       0.022 |      -0.025 |   0.051 |  -0.032 |   0.018 |
|       0.006 |      -0.030 |   0.050 |  -0.036 |   0.013 |
|       0.009 |      -0.035 |   0.049 |  -0.041 |   0.008 |
|       0.070 |      -0.041 |   0.049 |  -0.046 |   0.003 |
|       0.027 |      -0.047 |   0.049 |  -0.051 |  -0.002 |
|       0.046 |      -0.054 |   0.049 |  -0.057 |  -0.008 |
|       0.014 |      -0.061 |   0.048 |  -0.063 |  -0.015 |
|       0.001 |      -0.069 |   0.047 |  -0.070 |  -0.022 |
|      -0.000 |      -0.078 |   0.046 |  -0.077 |  -0.031 |
|      -0.016 |      -0.087 |   0.045 |  -0.085 |  -0.040 |
|      -0.031 |      -0.097 |   0.043 |  -0.093 |  -0.049 |
|      -0.045 |      -0.107 |   0.042 |  -0.101 |  -0.060 |
|      -0.048 |      -0.118 |   0.040 |  -0.110 |  -0.070 |
|      -0.057 |      -0.129 |   0.038 |  -0.119 |  -0.081 |
|      -0.062 |      -0.140 |   0.036 |  -0.128 |  -0.092 |
|      -0.097 |      -0.152 |   0.033 |  -0.138 |  -0.104 |
|      -0.123 |      -0.165 |   0.030 |  -0.147 |  -0.117 |
|      -0.140 |      -0.178 |   0.027 |  -0.158 |  -0.131 |
|      -0.178 |      -0.191 |   0.023 |  -0.168 |  -0.145 |
|      -0.192 |      -0.205 |   0.018 |  -0.178 |  -0.159 |
|      -0.194 |      -0.219 |   0.014 |  -0.188 |  -0.174 |
|      -0.184 |      -0.233 |   0.010 |  -0.199 |  -0.188 |
|      -0.153 |      -0.248 |   0.007 |  -0.210 |  -0.203 |
|      -0.246 |      -0.264 |   0.002 |  -0.221 |  -0.219 |
|      -0.263 |      -0.280 |  -0.003 |  -0.233 |  -0.236 |
|      -0.274 |      -0.296 |  -0.009 |  -0.244 |  -0.253 |
|      -0.253 |      -0.313 |  -0.014 |  -0.257 |  -0.270 |
|      -0.290 |      -0.331 |  -0.019 |  -0.269 |  -0.289 |
|      -0.351 |      -0.349 |  -0.026 |  -0.282 |  -0.308 |
|      -0.385 |      -0.368 |  -0.033 |  -0.295 |  -0.329 |
|      -0.401 |      -0.387 |  -0.040 |  -0.308 |  -0.348 |
|      -0.415 |      -0.405 |  -0.048 |  -0.320 |  -0.368 |
|      -0.430 |      -0.424 |  -0.056 |  -0.333 |  -0.388 |
|      -0.438 |      -0.443 |  -0.063 |  -0.345 |  -0.409 |
|      -0.494 |      -0.463 |  -0.072 |  -0.358 |  -0.430 |
|      -0.562 |      -0.483 |  -0.082 |  -0.371 |  -0.452 |
|      -0.608 |      -0.502 |  -0.092 |  -0.383 |  -0.475 |
|      -0.611 |      -0.522 |  -0.103 |  -0.395 |  -0.497 |
|      -0.616 |      -0.541 |  -0.113 |  -0.406 |  -0.519 |
|      -0.641 |      -0.560 |  -0.123 |  -0.417 |  -0.541 |
|      -0.689 |      -0.580 |  -0.135 |  -0.428 |  -0.563 |
|      -0.717 |      -0.598 |  -0.146 |  -0.439 |  -0.585 |
|      -0.726 |      -0.617 |  -0.158 |  -0.449 |  -0.606 |
|      -0.750 |      -0.636 |  -0.170 |  -0.458 |  -0.628 |
|      -0.767 |      -0.654 |  -0.182 |  -0.467 |  -0.649 |
|      -0.788 |      -0.672 |  -0.194 |  -0.476 |  -0.670 |
|      -0.821 |      -0.691 |  -0.206 |  -0.486 |  -0.692 |
|      -0.820 |      -0.711 |  -0.219 |  -0.495 |  -0.714 |
|      -0.944 |      -0.731 |  -0.233 |  -0.506 |  -0.739 |
|      -0.922 |      -0.752 |  -0.247 |  -0.517 |  -0.764 |
|      -0.896 |      -0.775 |  -0.260 |  -0.529 |  -0.789 |
|      -0.943 |      -0.796 |  -0.274 |  -0.540 |  -0.813 |
|      -0.978 |      -0.817 |  -0.288 |  -0.550 |  -0.838 |
|      -1.013 |      -0.839 |  -0.302 |  -0.561 |  -0.863 |
|      -0.927 |      -0.860 |  -0.315 |  -0.570 |  -0.885 |
|      -0.918 |      -0.880 |  -0.327 |  -0.580 |  -0.906 |
|      -0.979 |      -0.902 |  -0.340 |  -0.590 |  -0.930 |
|      -1.084 |      -0.923 |  -0.355 |  -0.599 |  -0.954 |
|      -1.106 |      -0.944 |  -0.370 |  -0.607 |  -0.977 |
|      -1.132 |      -0.963 |  -0.385 |  -0.615 |  -1.000 |
|      -1.133 |      -0.981 |  -0.400 |  -0.620 |  -1.020 |
|      -1.210 |      -0.997 |  -0.416 |  -0.624 |  -1.040 |
|      -1.198 |      -1.016 |  -0.432 |  -0.630 |  -1.062 |
|      -1.176 |      -1.035 |  -0.447 |  -0.637 |  -1.083 |
|      -1.177 |      -1.055 |  -0.461 |  -0.645 |  -1.106 |
|      -1.188 |      -1.076 |  -0.476 |  -0.652 |  -1.128 |
|      -1.140 |      -1.101 |  -0.489 |  -0.665 |  -1.154 |
|      -1.085 |      -1.130 |  -0.501 |  -0.680 |  -1.181 |
|      -1.114 |      -1.162 |  -0.513 |  -0.698 |  -1.211 |
|      -1.414 |      -1.197 |  -0.531 |  -0.720 |  -1.251 |
|      -1.508 |      -1.236 |  -0.551 |  -0.744 |  -1.295 |
|      -1.559 |      -1.275 |  -0.571 |  -0.768 |  -1.339 |
|      -1.646 |      -1.312 |  -0.592 |  -0.790 |  -1.382 |
|      -1.726 |      -1.347 |  -0.615 |  -0.809 |  -1.425 |
|      -1.753 |      -1.380 |  -0.638 |  -0.825 |  -1.463 |
|      -1.743 |      -1.408 |  -0.660 |  -0.838 |  -1.498 |
|      -1.761 |      -1.433 |  -0.682 |  -0.846 |  -1.528 |
|      -1.820 |      -1.456 |  -0.705 |  -0.852 |  -1.557 |
|      -1.775 |      -1.478 |  -0.726 |  -0.856 |  -1.583 |
|      -1.726 |      -1.499 |  -0.746 |  -0.860 |  -1.606 |
|      -1.836 |      -1.518 |  -0.768 |  -0.862 |  -1.630 |
|      -1.942 |      -1.535 |  -0.791 |  -0.862 |  -1.654 |
|      -1.914 |      -1.550 |  -0.814 |  -0.860 |  -1.674 |
|      -1.858 |      -1.561 |  -0.835 |  -0.854 |  -1.688 |
|      -1.940 |      -1.566 |  -0.857 |  -0.841 |  -1.698 |
|      -1.958 |      -1.563 |  -0.879 |  -0.822 |  -1.701 |
|      -1.743 |      -1.565 |  -0.896 |  -0.807 |  -1.703 |
|      -1.932 |      -1.565 |  -0.917 |  -0.791 |  -1.708 |
|      -1.873 |      -1.565 |  -0.936 |  -0.775 |  -1.711 |
|      -1.825 |      -1.565 |  -0.954 |  -0.760 |  -1.713 |
|      -1.887 |      -1.565 |  -0.972 |  -0.745 |  -1.717 |
|      -1.860 |      -1.565 |  -0.990 |  -0.730 |  -1.720 |
|      -1.850 |      -1.565 |  -1.007 |  -0.715 |  -1.723 |
|      -1.879 |      -1.566 |  -1.025 |  -0.701 |  -1.726 |
|      -1.889 |      -1.566 |  -1.042 |  -0.687 |  -1.730 |
|      -1.848 |      -1.566 |  -1.058 |  -0.674 |  -1.732 |
|      -1.837 |      -1.566 |  -1.074 |  -0.660 |  -1.734 |
|      -1.860 |      -1.566 |  -1.089 |  -0.647 |  -1.737 |
|      -1.861 |      -1.566 |  -1.105 |  -0.634 |  -1.739 |
|      -1.856 |      -1.566 |  -1.120 |  -0.621 |  -1.741 |
|      -1.851 |      -1.565 |  -1.135 |  -0.609 |  -1.743 |
|      -1.872 |      -1.566 |  -1.149 |  -0.597 |  -1.746 |
|      -1.858 |      -1.565 |  -1.163 |  -0.584 |  -1.748 |
|      -1.849 |      -1.565 |  -1.177 |  -0.573 |  -1.750 |
|      -1.844 |      -1.565 |  -1.191 |  -0.561 |  -1.752 |
|      -1.848 |      -1.565 |  -1.204 |  -0.550 |  -1.754 |
|      -1.882 |      -1.565 |  -1.217 |  -0.539 |  -1.756 |
|      -1.878 |      -1.565 |  -1.230 |  -0.528 |  -1.758 |
|      -1.842 |      -1.564 |  -1.243 |  -0.517 |  -1.760 |
|      -1.839 |      -1.565 |  -1.255 |  -0.507 |  -1.761 |
|      -1.878 |      -1.565 |  -1.267 |  -0.497 |  -1.764 |
|      -1.876 |      -1.565 |  -1.279 |  -0.487 |  -1.766 |
|      -1.859 |      -1.565 |  -1.291 |  -0.477 |  -1.768 |
|      -1.860 |      -1.565 |  -1.302 |  -0.467 |  -1.770 |
|      -1.873 |      -1.565 |  -1.314 |  -0.458 |  -1.772 |
|      -1.853 |      -1.564 |  -1.324 |  -0.448 |  -1.773 |
|      -1.842 |      -1.564 |  -1.335 |  -0.439 |  -1.774 |
|      -1.853 |      -1.564 |  -1.345 |  -0.431 |  -1.776 |
|      -1.861 |      -1.564 |  -1.355 |  -0.422 |  -1.777 |
|      -1.855 |      -1.564 |  -1.365 |  -0.413 |  -1.779 |
|      -1.850 |      -1.564 |  -1.375 |  -0.405 |  -1.780 |
|      -1.851 |      -1.564 |  -1.385 |  -0.397 |  -1.781 |
|      -1.864 |      -1.563 |  -1.394 |  -0.389 |  -1.783 |
|      -1.867 |      -1.563 |  -1.404 |  -0.381 |  -1.784 |
|      -1.861 |      -1.563 |  -1.413 |  -0.373 |  -1.786 |
|      -1.863 |      -1.563 |  -1.422 |  -0.366 |  -1.787 |
|      -1.873 |      -1.563 |  -1.431 |  -0.358 |  -1.789 |
|      -1.870 |      -1.563 |  -1.440 |  -0.351 |  -1.791 |
|      -1.863 |      -1.563 |  -1.448 |  -0.344 |  -1.792 |
|      -1.861 |      -1.563 |  -1.456 |  -0.337 |  -1.793 |
|      -1.860 |      -1.563 |  -1.464 |  -0.330 |  -1.794 |
|      -1.858 |      -1.562 |  -1.472 |  -0.323 |  -1.795 |
|      -1.855 |      -1.562 |  -1.480 |  -0.316 |  -1.796 |
|      -1.854 |      -1.562 |  -1.487 |  -0.310 |  -1.797 |
|      -1.856 |      -1.562 |  -1.495 |  -0.304 |  -1.798 |
|      -1.857 |      -1.562 |  -1.502 |  -0.297 |  -1.800 |
|      -1.858 |      -1.562 |  -1.509 |  -0.291 |  -1.801 |
|      -1.856 |      -1.562 |  -1.516 |  -0.286 |  -1.802 |
|      -1.860 |      -1.562 |  -1.523 |  -0.280 |  -1.803 |
|      -1.864 |      -1.562 |  -1.530 |  -0.274 |  -1.804 |
|      -1.865 |      -1.562 |  -1.537 |  -0.269 |  -1.805 |
|      -1.864 |      -1.562 |  -1.543 |  -0.263 |  -1.806 |
|      -1.866 |      -1.561 |  -1.550 |  -0.258 |  -1.807 |
|      -1.865 |      -1.561 |  -1.556 |  -0.252 |  -1.808 |
|      -1.869 |      -1.561 |  -1.562 |  -0.247 |  -1.809 |
|      -1.864 |      -1.561 |  -1.568 |  -0.242 |  -1.810 |
|      -1.859 |      -1.561 |  -1.574 |  -0.237 |  -1.811 |
|      -1.859 |      -1.561 |  -1.580 |  -0.232 |  -1.812 |
|      -1.861 |      -1.561 |  -1.585 |  -0.228 |  -1.813 |
|      -1.852 |      -1.561 |  -1.591 |  -0.223 |  -1.814 |
|      -1.850 |      -1.560 |  -1.596 |  -0.218 |  -1.814 |
|      -1.853 |      -1.560 |  -1.601 |  -0.214 |  -1.815 |
|      -1.858 |      -1.560 |  -1.606 |  -0.209 |  -1.816 |
|      -1.856 |      -1.560 |  -1.611 |  -0.205 |  -1.816 |
|      -1.859 |      -1.560 |  -1.616 |  -0.201 |  -1.817 |
|      -1.861 |      -1.560 |  -1.621 |  -0.197 |  -1.818 |
|      -1.862 |      -1.560 |  -1.626 |  -0.193 |  -1.819 |
|      -1.866 |      -1.560 |  -1.631 |  -0.189 |  -1.820 |
|      -1.867 |      -1.560 |  -1.635 |  -0.185 |  -1.821 |
|      -1.867 |      -1.560 |  -1.640 |  -0.182 |  -1.822 |
|      -1.865 |      -1.560 |  -1.644 |  -0.178 |  -1.822 |
|      -1.868 |      -1.560 |  -1.649 |  -0.174 |  -1.823 |
|      -1.863 |      -1.559 |  -1.653 |  -0.170 |  -1.824 |
|      -1.860 |      -1.559 |  -1.657 |  -0.167 |  -1.824 |
|      -1.861 |      -1.559 |  -1.661 |  -0.163 |  -1.825 |
|      -1.857 |      -1.559 |  -1.665 |  -0.160 |  -1.825 |
|      -1.854 |      -1.559 |  -1.669 |  -0.157 |  -1.826 |
|      -1.855 |      -1.559 |  -1.673 |  -0.153 |  -1.826 |
|      -1.850 |      -1.559 |  -1.676 |  -0.150 |  -1.826 |
|      -1.853 |      -1.558 |  -1.680 |  -0.147 |  -1.827 |
|      -1.852 |      -1.558 |  -1.683 |  -0.144 |  -1.827 |
|      -1.855 |      -1.558 |  -1.687 |  -0.141 |  -1.828 |
|      -1.859 |      -1.558 |  -1.690 |  -0.138 |  -1.828 |
|      -1.863 |      -1.558 |  -1.694 |  -0.135 |  -1.829 |
|      -1.863 |      -1.558 |  -1.697 |  -0.132 |  -1.829 |
|      -1.865 |      -1.558 |  -1.700 |  -0.130 |  -1.830 |
|      -1.866 |      -1.558 |  -1.704 |  -0.127 |  -1.831 |
|      -1.869 |      -1.557 |  -1.707 |  -0.124 |  -1.831 |
|      -1.866 |      -1.557 |  -1.710 |  -0.122 |  -1.832 |
|      -1.861 |      -1.557 |  -1.713 |  -0.119 |  -1.832 |
|      -1.866 |      -1.557 |  -1.716 |  -0.117 |  -1.833 |
|      -1.861 |      -1.557 |  -1.719 |  -0.114 |  -1.833 |
|      -1.857 |      -1.557 |  -1.722 |  -0.112 |  -1.834 |
|      -1.856 |      -1.557 |  -1.725 |  -0.109 |  -1.834 |
|      -1.856 |      -1.557 |  -1.727 |  -0.107 |  -1.834 |
|      -1.853 |      -1.557 |  -1.730 |  -0.105 |  -1.835 |
|      -1.852 |      -1.556 |  -1.732 |  -0.103 |  -1.835 |
|      -1.857 |      -1.556 |  -1.735 |  -0.100 |  -1.835 |
|      -1.859 |      -1.556 |  -1.737 |  -0.098 |  -1.836 |
|      -1.857 |      -1.556 |  -1.740 |  -0.096 |  -1.836 |
|      -1.859 |      -1.556 |  -1.742 |  -0.094 |  -1.836 |
|      -1.861 |      -1.556 |  -1.744 |  -0.092 |  -1.837 |
|      -1.867 |      -1.556 |  -1.747 |  -0.090 |  -1.837 |
|      -1.863 |      -1.556 |  -1.749 |  -0.089 |  -1.838 |
|      -1.862 |      -1.556 |  -1.751 |  -0.087 |  -1.838 |
|      -1.867 |      -1.556 |  -1.754 |  -0.085 |  -1.838 |
|      -1.867 |      -1.555 |  -1.756 |  -0.083 |  -1.839 |
|      -1.862 |      -1.555 |  -1.758 |  -0.081 |  -1.839 |
|      -1.858 |      -1.555 |  -1.760 |  -0.079 |  -1.840 |
|      -1.862 |      -1.555 |  -1.762 |  -0.078 |  -1.840 |
|      -1.860 |      -1.555 |  -1.764 |  -0.076 |  -1.840 |
|      -1.856 |      -1.555 |  -1.766 |  -0.075 |  -1.840 |
|      -1.855 |      -1.555 |  -1.768 |  -0.073 |  -1.841 |
|      -1.858 |      -1.555 |  -1.769 |  -0.072 |  -1.841 |
|      -1.855 |      -1.555 |  -1.771 |  -0.070 |  -1.841 |
|      -1.854 |      -1.555 |  -1.773 |  -0.069 |  -1.842 |
|      -1.861 |      -1.555 |  -1.775 |  -0.067 |  -1.842 |
|      -1.862 |      -1.555 |  -1.776 |  -0.066 |  -1.842 |
|      -1.860 |      -1.555 |  -1.778 |  -0.064 |  -1.842 |
|      -1.862 |      -1.555 |  -1.780 |  -0.063 |  -1.843 |
|      -1.865 |      -1.554 |  -1.781 |  -0.062 |  -1.843 |
|      -1.866 |      -1.554 |  -1.783 |  -0.060 |  -1.843 |
|      -1.865 |      -1.554 |  -1.785 |  -0.059 |  -1.844 |
|      -1.863 |      -1.554 |  -1.786 |  -0.058 |  -1.844 |
|      -1.864 |      -1.554 |  -1.788 |  -0.056 |  -1.844 |
|      -1.861 |      -1.554 |  -1.789 |  -0.055 |  -1.844 |
|      -1.862 |      -1.554 |  -1.791 |  -0.054 |  -1.845 |
|      -1.856 |      -1.553 |  -1.792 |  -0.053 |  -1.845 |
|      -1.858 |      -1.553 |  -1.793 |  -0.051 |  -1.845 |
|      -1.857 |      -1.553 |  -1.795 |  -0.050 |  -1.845 |
|      -1.857 |      -1.553 |  -1.796 |  -0.049 |  -1.845 |
|      -1.855 |      -1.553 |  -1.797 |  -0.048 |  -1.845 |
|      -1.861 |      -1.553 |  -1.798 |  -0.047 |  -1.846 |
|      -1.860 |      -1.553 |  -1.800 |  -0.046 |  -1.846 |
|      -1.858 |      -1.553 |  -1.801 |  -0.045 |  -1.846 |
|      -1.862 |      -1.553 |  -1.802 |  -0.044 |  -1.846 |
|      -1.864 |      -1.553 |  -1.803 |  -0.043 |  -1.846 |
|      -1.865 |      -1.552 |  -1.805 |  -0.042 |  -1.846 |
|      -1.865 |      -1.552 |  -1.806 |  -0.041 |  -1.847 |
|      -1.867 |      -1.552 |  -1.807 |  -0.040 |  -1.847 |
|      -1.863 |      -1.552 |  -1.808 |  -0.039 |  -1.847 |
|      -1.863 |      -1.552 |  -1.809 |  -0.038 |  -1.847 |
|      -1.865 |      -1.552 |  -1.810 |  -0.037 |  -1.848 |
|      -1.859 |      -1.552 |  -1.811 |  -0.036 |  -1.848 |
|      -1.856 |      -1.552 |  -1.812 |  -0.036 |  -1.848 |
|      -1.860 |      -1.551 |  -1.813 |  -0.035 |  -1.848 |
|      -1.859 |      -1.551 |  -1.814 |  -0.034 |  -1.848 |
|      -1.857 |      -1.551 |  -1.815 |  -0.033 |  -1.848 |
|      -1.856 |      -1.551 |  -1.816 |  -0.033 |  -1.848 |
|      -1.857 |      -1.551 |  -1.817 |  -0.032 |  -1.848 |
|      -1.861 |      -1.551 |  -1.817 |  -0.031 |  -1.849 |
|      -1.861 |      -1.551 |  -1.818 |  -0.030 |  -1.849 |
|      -1.859 |      -1.551 |  -1.819 |  -0.030 |  -1.849 |
|      -1.864 |      -1.551 |  -1.820 |  -0.029 |  -1.849 |
|      -1.866 |      -1.551 |  -1.821 |  -0.028 |  -1.849 |
|      -1.863 |      -1.551 |  -1.822 |  -0.028 |  -1.849 |
|      -1.864 |      -1.551 |  -1.823 |  -0.027 |  -1.850 |
|      -1.867 |      -1.551 |  -1.823 |  -0.026 |  -1.850 |
|      -1.863 |      -1.550 |  -1.824 |  -0.026 |  -1.850 |
|      -1.862 |      -1.550 |  -1.825 |  -0.025 |  -1.850 |
|      -1.859 |      -1.550 |  -1.826 |  -0.024 |  -1.850 |
|      -1.860 |      -1.550 |  -1.826 |  -0.024 |  -1.850 |
|      -1.858 |      -1.550 |  -1.827 |  -0.023 |  -1.850 |
|      -1.861 |      -1.550 |  -1.828 |  -0.023 |  -1.851 |
|      -1.855 |      -1.550 |  -1.828 |  -0.022 |  -1.851 |
|      -1.858 |      -1.550 |  -1.829 |  -0.022 |  -1.851 |
|      -1.857 |      -1.550 |  -1.829 |  -0.021 |  -1.851 |
|      -1.858 |      -1.549 |  -1.830 |  -0.021 |  -1.851 |
|      -1.859 |      -1.549 |  -1.831 |  -0.020 |  -1.851 |
|      -1.858 |      -1.549 |  -1.831 |  -0.020 |  -1.851 |
|      -1.863 |      -1.549 |  -1.832 |  -0.019 |  -1.851 |
|      -1.861 |      -1.549 |  -1.832 |  -0.019 |  -1.851 |
|      -1.860 |      -1.549 |  -1.833 |  -0.018 |  -1.851 |
|      -1.865 |      -1.549 |  -1.833 |  -0.018 |  -1.852 |
|      -1.864 |      -1.549 |  -1.834 |  -0.017 |  -1.852 |
|      -1.864 |      -1.549 |  -1.835 |  -0.017 |  -1.852 |
|      -1.862 |      -1.549 |  -1.835 |  -0.017 |  -1.852 |
|      -1.860 |      -1.549 |  -1.836 |  -0.016 |  -1.852 |
|      -1.858 |      -1.549 |  -1.836 |  -0.016 |  -1.852 |
|      -1.859 |      -1.549 |  -1.837 |  -0.015 |  -1.852 |
|      -1.856 |      -1.549 |  -1.837 |  -0.015 |  -1.852 |
|      -1.858 |      -1.549 |  -1.837 |  -0.015 |  -1.852 |
|      -1.860 |      -1.548 |  -1.838 |  -0.014 |  -1.852 |
|      -1.858 |      -1.548 |  -1.838 |  -0.014 |  -1.852 |
|      -1.858 |      -1.548 |  -1.839 |  -0.014 |  -1.852 |
|      -1.855 |      -1.548 |  -1.839 |  -0.013 |  -1.852 |
|      -1.861 |      -1.548 |  -1.839 |  -0.013 |  -1.853 |
|      -1.861 |      -1.548 |  -1.840 |  -0.013 |  -1.853 |
|      -1.863 |      -1.548 |  -1.840 |  -0.012 |  -1.853 |
|      -1.860 |      -1.548 |  -1.841 |  -0.012 |  -1.853 |
|      -1.864 |      -1.548 |  -1.841 |  -0.012 |  -1.853 |
|      -1.860 |      -1.548 |  -1.842 |  -0.011 |  -1.853 |
|      -1.864 |      -1.548 |  -1.842 |  -0.011 |  -1.853 |
|      -1.863 |      -1.548 |  -1.842 |  -0.011 |  -1.853 |
|      -1.859 |      -1.548 |  -1.843 |  -0.010 |  -1.853 |
|      -1.862 |      -1.547 |  -1.843 |  -0.010 |  -1.853 |
|      -1.862 |      -1.547 |  -1.844 |  -0.010 |  -1.853 |
|      -1.859 |      -1.547 |  -1.844 |  -0.009 |  -1.853 |
|      -1.857 |      -1.547 |  -1.844 |  -0.009 |  -1.853 |
|      -1.857 |      -1.547 |  -1.844 |  -0.009 |  -1.853 |
|      -1.856 |      -1.547 |  -1.845 |  -0.009 |  -1.853 |
|      -1.857 |      -1.547 |  -1.845 |  -0.008 |  -1.853 |
|      -1.860 |      -1.547 |  -1.845 |  -0.008 |  -1.853 |
|      -1.861 |      -1.546 |  -1.845 |  -0.008 |  -1.853 |
|      -1.861 |      -1.546 |  -1.846 |  -0.007 |  -1.853 |
|      -1.863 |      -1.546 |  -1.846 |  -0.007 |  -1.853 |
|      -1.861 |      -1.546 |  -1.846 |  -0.007 |  -1.853 |
|      -1.861 |      -1.546 |  -1.847 |  -0.007 |  -1.854 |
|      -1.866 |      -1.546 |  -1.847 |  -0.007 |  -1.854 |
|      -1.861 |      -1.546 |  -1.847 |  -0.006 |  -1.854 |
|      -1.860 |      -1.546 |  -1.848 |  -0.006 |  -1.854 |
|      -1.865 |      -1.546 |  -1.848 |  -0.006 |  -1.854 |
|      -1.861 |      -1.546 |  -1.848 |  -0.006 |  -1.854 |
|      -1.858 |      -1.545 |  -1.848 |  -0.005 |  -1.854 |
|      -1.858 |      -1.545 |  -1.849 |  -0.005 |  -1.854 |
|      -1.857 |      -1.545 |  -1.849 |  -0.005 |  -1.854 |
|      -1.858 |      -1.545 |  -1.849 |  -0.005 |  -1.854 |
|      -1.859 |      -1.545 |  -1.849 |  -0.005 |  -1.854 |
|      -1.858 |      -1.545 |  -1.849 |  -0.005 |  -1.854 |
|      -1.858 |      -1.545 |  -1.850 |  -0.004 |  -1.854 |
|      -1.860 |      -1.545 |  -1.850 |  -0.004 |  -1.854 |
|      -1.859 |      -1.545 |  -1.850 |  -0.004 |  -1.854 |
|      -1.862 |      -1.545 |  -1.850 |  -0.004 |  -1.854 |
|      -1.862 |      -1.545 |  -1.850 |  -0.004 |  -1.854 |
|      -1.863 |      -1.545 |  -1.851 |  -0.004 |  -1.854 |
|      -1.866 |      -1.545 |  -1.851 |  -0.003 |  -1.854 |
|      -1.861 |      -1.544 |  -1.851 |  -0.003 |  -1.854 |
|      -1.864 |      -1.544 |  -1.851 |  -0.003 |  -1.854 |
|      -1.862 |      -1.544 |  -1.852 |  -0.003 |  -1.854 |
|      -1.860 |      -1.544 |  -1.852 |  -0.003 |  -1.854 |
|      -1.859 |      -1.544 |  -1.852 |  -0.002 |  -1.854 |
|      -1.861 |      -1.544 |  -1.852 |  -0.002 |  -1.854 |
|      -1.859 |      -1.544 |  -1.852 |  -0.002 |  -1.854 |
|      -1.856 |      -1.544 |  -1.852 |  -0.002 |  -1.854 |
|      -1.857 |      -1.543 |  -1.852 |  -0.002 |  -1.854 |
|      -1.858 |      -1.543 |  -1.853 |  -0.002 |  -1.854 |
|      -1.858 |      -1.543 |  -1.853 |  -0.002 |  -1.854 |
|      -1.857 |      -1.543 |  -1.853 |  -0.001 |  -1.854 |
|      -1.863 |      -1.543 |  -1.853 |  -0.001 |  -1.854 |
|      -1.862 |      -1.543 |  -1.853 |  -0.001 |  -1.854 |
|      -1.863 |      -1.543 |  -1.853 |  -0.001 |  -1.854 |
|      -1.860 |      -1.543 |  -1.854 |  -0.001 |  -1.854 |
|      -1.862 |      -1.542 |  -1.854 |  -0.001 |  -1.854 |
|      -1.861 |      -1.542 |  -1.854 |  -0.001 |  -1.854 |
|      -1.860 |      -1.542 |  -1.854 |  -0.000 |  -1.854 |
|      -1.863 |      -1.542 |  -1.854 |  -0.000 |  -1.855 |
|      -1.862 |      -1.542 |  -1.854 |  -0.000 |  -1.855 |
|      -1.862 |      -1.542 |  -1.854 |  -0.000 |  -1.855 |
|      -1.859 |      -1.542 |  -1.855 |  -0.000 |  -1.855 |
|      -1.857 |      -1.542 |  -1.855 |  -0.000 |  -1.855 |
|      -1.858 |      -1.542 |  -1.855 |   0.000 |  -1.855 |
|      -1.859 |      -1.542 |  -1.855 |   0.000 |  -1.855 |
|      -1.858 |      -1.542 |  -1.855 |   0.000 |  -1.854 |
|      -1.861 |      -1.542 |  -1.855 |   0.000 |  -1.855 |
|      -1.858 |      -1.541 |  -1.855 |   0.001 |  -1.854 |
|      -1.858 |      -1.541 |  -1.855 |   0.001 |  -1.854 |
|      -1.859 |      -1.541 |  -1.855 |   0.001 |  -1.855 |
|      -1.862 |      -1.541 |  -1.855 |   0.001 |  -1.855 |
|      -1.863 |      -1.541 |  -1.855 |   0.001 |  -1.855 |
|      -1.862 |      -1.541 |  -1.856 |   0.001 |  -1.855 |
|      -1.860 |      -1.541 |  -1.856 |   0.001 |  -1.855 |
|      -1.863 |      -1.541 |  -1.856 |   0.001 |  -1.855 |
|      -1.865 |      -1.540 |  -1.856 |   0.001 |  -1.855 |
|      -1.858 |      -1.540 |  -1.856 |   0.001 |  -1.855 |
|      -1.860 |      -1.540 |  -1.856 |   0.001 |  -1.855 |
|      -1.862 |      -1.540 |  -1.856 |   0.001 |  -1.855 |
|      -1.862 |      -1.540 |  -1.856 |   0.002 |  -1.855 |
|      -1.858 |      -1.540 |  -1.856 |   0.002 |  -1.855 |
|      -1.857 |      -1.540 |  -1.856 |   0.002 |  -1.855 |
|      -1.859 |      -1.540 |  -1.856 |   0.002 |  -1.855 |
|      -1.855 |      -1.540 |  -1.856 |   0.002 |  -1.855 |
|      -1.858 |      -1.540 |  -1.856 |   0.002 |  -1.855 |
|      -1.859 |      -1.540 |  -1.856 |   0.002 |  -1.855 |
|      -1.861 |      -1.540 |  -1.857 |   0.002 |  -1.855 |
|      -1.863 |      -1.539 |  -1.857 |   0.002 |  -1.855 |
|      -1.862 |      -1.539 |  -1.857 |   0.002 |  -1.855 |
|      -1.860 |      -1.539 |  -1.857 |   0.002 |  -1.855 |
|      -1.859 |      -1.539 |  -1.857 |   0.002 |  -1.855 |
|      -1.860 |      -1.539 |  -1.857 |   0.002 |  -1.855 |
|      -1.860 |      -1.539 |  -1.857 |   0.002 |  -1.855 |
|      -1.864 |      -1.539 |  -1.857 |   0.002 |  -1.855 |
|      -1.862 |      -1.539 |  -1.857 |   0.002 |  -1.855 |
|      -1.861 |      -1.539 |  -1.857 |   0.002 |  -1.855 |
|      -1.861 |      -1.539 |  -1.857 |   0.002 |  -1.855 |
|      -1.860 |      -1.538 |  -1.857 |   0.003 |  -1.855 |
|      -1.859 |      -1.538 |  -1.857 |   0.003 |  -1.855 |
|      -1.861 |      -1.538 |  -1.858 |   0.003 |  -1.855 |
|      -1.861 |      -1.538 |  -1.858 |   0.003 |  -1.855 |
|      -1.858 |      -1.538 |  -1.858 |   0.003 |  -1.855 |
|      -1.860 |      -1.538 |  -1.858 |   0.003 |  -1.855 |
|      -1.862 |      -1.538 |  -1.858 |   0.003 |  -1.855 |
|      -1.861 |      -1.538 |  -1.858 |   0.003 |  -1.855 |
|      -1.861 |      -1.538 |  -1.858 |   0.003 |  -1.855 |
|      -1.864 |      -1.538 |  -1.858 |   0.003 |  -1.855 |
|      -1.862 |      -1.538 |  -1.858 |   0.003 |  -1.855 |
|      -1.862 |      -1.538 |  -1.858 |   0.003 |  -1.855 |
|      -1.866 |      -1.537 |  -1.858 |   0.003 |  -1.856 |
|      -1.859 |      -1.537 |  -1.858 |   0.003 |  -1.856 |
|      -1.857 |      -1.537 |  -1.858 |   0.003 |  -1.855 |
|      -1.860 |      -1.537 |  -1.858 |   0.003 |  -1.855 |
|      -1.861 |      -1.537 |  -1.858 |   0.003 |  -1.855 |
|      -1.859 |      -1.537 |  -1.858 |   0.003 |  -1.855 |
|      -1.858 |      -1.537 |  -1.858 |   0.003 |  -1.855 |
|      -1.859 |      -1.537 |  -1.858 |   0.003 |  -1.855 |
|      -1.861 |      -1.537 |  -1.858 |   0.003 |  -1.855 |
|      -1.856 |      -1.537 |  -1.858 |   0.003 |  -1.855 |
|      -1.861 |      -1.536 |  -1.858 |   0.003 |  -1.855 |
|      -1.860 |      -1.536 |  -1.858 |   0.003 |  -1.855 |
|      -1.861 |      -1.536 |  -1.859 |   0.003 |  -1.855 |
|      -1.861 |      -1.536 |  -1.859 |   0.003 |  -1.855 |
|      -1.863 |      -1.536 |  -1.859 |   0.003 |  -1.855 |
|      -1.862 |      -1.536 |  -1.859 |   0.003 |  -1.855 |
|      -1.861 |      -1.536 |  -1.859 |   0.003 |  -1.855 |
|      -1.865 |      -1.536 |  -1.859 |   0.003 |  -1.855 |
|      -1.860 |      -1.536 |  -1.859 |   0.003 |  -1.856 |
|      -1.860 |      -1.536 |  -1.859 |   0.003 |  -1.856 |
|      -1.860 |      -1.536 |  -1.859 |   0.003 |  -1.856 |
|      -1.859 |      -1.536 |  -1.859 |   0.003 |  -1.856 |
|      -1.860 |      -1.535 |  -1.859 |   0.003 |  -1.855 |
|      -1.861 |      -1.535 |  -1.859 |   0.004 |  -1.855 |
|      -1.860 |      -1.535 |  -1.859 |   0.004 |  -1.855 |
|      -1.857 |      -1.535 |  -1.859 |   0.004 |  -1.855 |
|      -1.862 |      -1.535 |  -1.859 |   0.004 |  -1.855 |
|      -1.859 |      -1.535 |  -1.859 |   0.004 |  -1.855 |
|      -1.861 |      -1.535 |  -1.859 |   0.004 |  -1.855 |
|      -1.860 |      -1.535 |  -1.859 |   0.004 |  -1.855 |
|      -1.860 |      -1.535 |  -1.859 |   0.004 |  -1.855 |
|      -1.859 |      -1.534 |  -1.859 |   0.004 |  -1.855 |
|      -1.858 |      -1.534 |  -1.859 |   0.004 |  -1.855 |
|      -1.860 |      -1.534 |  -1.859 |   0.004 |  -1.855 |
|      -1.862 |      -1.534 |  -1.859 |   0.004 |  -1.855 |
|      -1.861 |      -1.534 |  -1.859 |   0.004 |  -1.855 |
|      -1.863 |      -1.534 |  -1.859 |   0.004 |  -1.856 |
|      -1.861 |      -1.534 |  -1.859 |   0.004 |  -1.855 |
|      -1.862 |      -1.534 |  -1.859 |   0.004 |  -1.856 |
|      -1.862 |      -1.534 |  -1.859 |   0.004 |  -1.856 |
|      -1.861 |      -1.534 |  -1.859 |   0.004 |  -1.856 |
|      -1.857 |      -1.534 |  -1.859 |   0.004 |  -1.856 |
|      -1.861 |      -1.534 |  -1.859 |   0.004 |  -1.856 |
|      -1.861 |      -1.533 |  -1.859 |   0.004 |  -1.856 |
|      -1.857 |      -1.533 |  -1.859 |   0.004 |  -1.856 |
|      -1.858 |      -1.533 |  -1.859 |   0.004 |  -1.856 |
|      -1.860 |      -1.533 |  -1.859 |   0.004 |  -1.856 |
|      -1.863 |      -1.533 |  -1.859 |   0.004 |  -1.856 |
|      -1.859 |      -1.533 |  -1.859 |   0.004 |  -1.856 |
|      -1.862 |      -1.533 |  -1.860 |   0.004 |  -1.856 |
|      -1.863 |      -1.533 |  -1.860 |   0.004 |  -1.856 |
|      -1.861 |      -1.533 |  -1.860 |   0.004 |  -1.856 |
|      -1.858 |      -1.533 |  -1.860 |   0.004 |  -1.856 |
|      -1.861 |      -1.533 |  -1.860 |   0.004 |  -1.856 |
|      -1.862 |      -1.533 |  -1.860 |   0.004 |  -1.856 |
|      -1.860 |      -1.533 |  -1.860 |   0.004 |  -1.856 |
|      -1.860 |      -1.532 |  -1.860 |   0.004 |  -1.856 |
|      -1.860 |      -1.532 |  -1.860 |   0.004 |  -1.856 |
|      -1.860 |      -1.532 |  -1.860 |   0.004 |  -1.856 |
|      -1.858 |      -1.532 |  -1.860 |   0.004 |  -1.856 |
|      -1.857 |      -1.532 |  -1.860 |   0.004 |  -1.855 |
|      -1.861 |      -1.532 |  -1.860 |   0.004 |  -1.855 |
|      -1.859 |      -1.532 |  -1.860 |   0.004 |  -1.855 |
|      -1.860 |      -1.531 |  -1.860 |   0.004 |  -1.855 |
|      -1.861 |      -1.531 |  -1.860 |   0.004 |  -1.855 |
|      -1.858 |      -1.531 |  -1.860 |   0.004 |  -1.855 |
|      -1.862 |      -1.531 |  -1.860 |   0.004 |  -1.855 |
|      -1.863 |      -1.531 |  -1.860 |   0.004 |  -1.855 |
|      -1.861 |      -1.531 |  -1.860 |   0.004 |  -1.855 |
|      -1.860 |      -1.531 |  -1.860 |   0.004 |  -1.855 |
|      -1.863 |      -1.531 |  -1.860 |   0.004 |  -1.856 |
|      -1.861 |      -1.531 |  -1.860 |   0.004 |  -1.855 |
|      -1.862 |      -1.531 |  -1.860 |   0.004 |  -1.856 |
|      -1.859 |      -1.530 |  -1.860 |   0.004 |  -1.855 |
|      -1.858 |      -1.530 |  -1.860 |   0.005 |  -1.855 |
|      -1.856 |      -1.530 |  -1.860 |   0.005 |  -1.855 |
|      -1.859 |      -1.530 |  -1.860 |   0.005 |  -1.855 |
|      -1.861 |      -1.530 |  -1.860 |   0.005 |  -1.855 |
|      -1.859 |      -1.530 |  -1.860 |   0.005 |  -1.855 |
|      -1.858 |      -1.530 |  -1.860 |   0.005 |  -1.855 |
|      -1.859 |      -1.530 |  -1.860 |   0.004 |  -1.855 |
|      -1.859 |      -1.530 |  -1.860 |   0.005 |  -1.855 |
|      -1.859 |      -1.529 |  -1.860 |   0.005 |  -1.855 |
|      -1.861 |      -1.529 |  -1.860 |   0.005 |  -1.855 |
|      -1.861 |      -1.529 |  -1.860 |   0.005 |  -1.855 |
|      -1.862 |      -1.529 |  -1.860 |   0.005 |  -1.855 |
|      -1.862 |      -1.529 |  -1.860 |   0.005 |  -1.855 |
|      -1.860 |      -1.529 |  -1.860 |   0.005 |  -1.855 |
|      -1.864 |      -1.529 |  -1.860 |   0.005 |  -1.855 |
|      -1.862 |      -1.529 |  -1.860 |   0.005 |  -1.855 |
|      -1.860 |      -1.529 |  -1.860 |   0.005 |  -1.855 |
|      -1.863 |      -1.529 |  -1.860 |   0.005 |  -1.855 |
|      -1.860 |      -1.528 |  -1.860 |   0.005 |  -1.855 |
|      -1.858 |      -1.528 |  -1.860 |   0.005 |  -1.855 |
|      -1.859 |      -1.528 |  -1.860 |   0.005 |  -1.855 |
|      -1.862 |      -1.528 |  -1.860 |   0.005 |  -1.855 |
|      -1.861 |      -1.528 |  -1.860 |   0.005 |  -1.855 |
|      -1.862 |      -1.528 |  -1.860 |   0.005 |  -1.855 |
|      -1.858 |      -1.528 |  -1.860 |   0.005 |  -1.855 |
|      -1.859 |      -1.528 |  -1.860 |   0.005 |  -1.855 |
|      -1.860 |      -1.528 |  -1.860 |   0.005 |  -1.855 |
|      -1.863 |      -1.528 |  -1.860 |   0.005 |  -1.855 |
|      -1.857 |      -1.528 |  -1.860 |   0.005 |  -1.855 |